(BSplineTransformSplineOrder 3.000000)
(CompressResultImage "false")
(DefaultPixelValue 0.000000)
(Direction 1.000000 0.000000 0.000000 1.000000)
(FinalBSplineInterpolationOrder 3.000000)
(FixedImageDimension 2.000000)
(FixedInternalImagePixelType "float")
(GridDirection 1.000000 0.000000 0.000000 1.000000)
(GridIndex 0.000000 0.000000)
(GridOrigin -153.479996 -211.843002)
(GridSize 19.000000 16.000000)
(GridSpacing 130.425995 132.434006)
(HowToCombineTransforms "Compose")
(Index 0.000000 0.000000)
(InitialTransformParametersFileName 0.000000)
(MovingImageDimension 2.000000)
(MovingInternalImagePixelType "float")
(NumberOfParameters 608.000000)
(Origin 0.000000 0.000000)
(ResampleInterpolator "FinalBSplineInterpolator")
(Resampler "DefaultResampler")
(ResultImageFormat "nii")
(ResultImagePixelType "float")
(Size 2048.000000 1604.000000)
(Spacing 1.000000 1.000000)
(Transform "BSplineTransform")
(TransformParameters 0.002704 -0.077788 -0.139123 -0.247516 -0.195599 -0.051776 -0.061712 -1.014240 -1.884880 -1.767930 -0.592073 1.633560 3.424100 3.031380 2.145690 1.306670 0.728527 0.360167 -0.025498 0.061764 -0.901553 -1.891220 -3.525370 -6.330550 -9.375910 -10.706800 -5.607320 -0.157741 2.017820 2.536040 10.057200 17.249201 11.520700 6.751680 3.593540 1.883590 0.882212 -0.070693 0.106933 -1.466400 -3.130210 -5.898120 -11.219700 -17.858801 -21.963900 -9.671770 3.287040 6.065540 -6.751640 14.569300 37.992699 16.466600 8.482640 4.287790 2.196530 1.013020 -0.086480 0.147453 -1.896060 -4.117270 -7.913270 -15.854000 -27.981100 -43.281101 -22.941500 15.271100 15.340800 -0.690894 13.175900 31.023199 14.150400 7.398470 3.923750 2.085400 0.992120 -0.087773 0.167927 -2.063490 -4.545310 -8.925170 -18.487200 -35.311298 -68.563301 -59.267101 31.184700 25.399700 7.649280 3.599440 7.400900 5.095610 3.645810 2.624120 1.645080 0.869024 -0.078951 0.150382 -1.900300 -4.201000 -8.301620 -16.917900 -31.190399 -55.763802 -40.738499 19.964600 7.334020 -14.478100 -15.831500 -6.736310 -3.340540 -0.610541 0.796833 0.926097 0.604626 -0.066026 0.109667 -1.504710 -3.288870 -6.491960 -12.512600 -21.397800 -31.647699 -16.371099 0.715235 -12.293500 -75.301804 -43.424198 -18.366699 -10.316400 -4.416540 -1.072420 0.121743 0.267971 -0.050942 0.066465 -1.010180 -2.142270 -4.171940 -7.329420 -11.379300 -15.449100 -12.896000 -12.843900 -29.069099 -80.131203 -49.542000 -24.409901 -14.411000 -7.035810 -2.582830 -0.615738 -0.076168 -0.033028 0.039045 -0.553284 -1.116600 -2.061360 -3.368630 -5.335150 -8.316350 -11.518300 -17.712799 -27.429300 -36.455898 -33.207298 -23.581600 -15.336300 -8.258830 -3.507550 -1.188380 -0.372491 -0.009893 0.019065 -0.219977 -0.373645 -0.534994 -0.418583 -0.541360 -2.500230 -13.698100 -19.178699 -20.605301 -25.198999 -28.010799 -26.170799 -17.758200 -9.612580 -4.132570 -1.680440 -0.626781 0.026889 0.006199 -0.023834 0.053103 0.346179 1.325070 2.937330 4.127930 -5.603240 -16.490801 -10.240200 -12.179600 -24.104099 -31.361601 -18.933500 -9.764260 -4.241030 -1.926480 -0.783225 0.061066 -0.000106 0.057821 0.214810 0.681214 1.917230 4.667520 10.225900 20.991501 10.225800 7.025050 17.070200 -12.689900 -38.717899 -14.839100 -7.419670 -3.601870 -1.784270 -0.788866 0.074927 -0.000715 0.063555 0.210191 0.629122 1.703690 3.924930 7.539240 10.685600 14.211000 21.773600 46.378799 28.465000 -5.065490 0.206104 -2.237810 -2.143570 -1.249660 -0.620819 0.056446 -0.000989 0.048466 0.151270 0.435584 1.160620 2.544550 4.807300 7.280520 13.214700 22.404900 24.183701 46.568802 27.716101 11.223200 2.684460 -0.268867 -0.451759 -0.316874 0.032120 -0.001986 0.033851 0.090737 0.235577 0.600896 1.371750 2.800450 4.734340 9.018720 16.080999 22.333700 28.945299 24.290800 13.100100 5.083820 1.189160 0.250945 -0.013582 0.014234 -0.001730 0.006083 0.003511 -0.019254 -0.062225 -0.053166 0.146948 0.743411 1.966870 3.951100 6.602600 9.114460 9.690460 6.827960 3.714470 1.534330 0.584517 0.201289 -0.003767 -0.003543 -0.078866 -0.246209 -0.738923 -1.507540 -2.429890 -3.379020 -4.113030 -5.535190 -7.902880 -10.269500 -10.925100 -9.292840 -5.941110 -3.010590 -1.197350 -0.460749 -0.162894 0.003922 0.001003 -0.218865 -0.711128 -2.009940 -5.607860 -11.542800 -18.490000 -23.448700 -24.524599 -22.335699 -22.046600 -23.097500 -15.728700 -7.099850 -3.049670 -1.256430 -0.443258 -0.158773 0.000768 0.008518 -0.260928 -0.839182 -2.361400 -7.258220 -17.252501 -31.500799 -43.165001 -41.586700 -27.710899 -19.545099 -24.201799 -11.583300 -2.167070 -1.041660 -0.520812 -0.143810 -0.047274 -0.008212 0.010092 -0.226911 -0.681973 -1.918540 -5.772570 -15.071800 -36.577099 -70.271797 -56.005699 -24.502399 -4.060820 13.081600 7.123840 2.129040 0.583362 0.119251 0.147786 0.078148 -0.018501 0.002812 -0.123986 -0.282434 -0.773421 -1.315590 -3.747690 -14.663900 -34.827099 -29.913500 -12.760600 -6.271620 0.687694 3.187750 1.422490 0.390991 0.143251 0.239360 0.147364 -0.025670 -0.003964 0.007281 0.150678 0.542369 2.970370 8.605100 23.461901 61.666801 37.194302 -0.821418 -15.950500 -13.559100 -4.035070 -1.908440 -0.783923 -0.151711 0.202009 0.167240 -0.029373 -0.007414 0.095501 0.397726 1.177590 4.834970 12.987500 27.639299 49.769901 35.947498 7.845860 -42.807499 -28.529100 -10.736300 -5.626530 -2.312260 -0.605870 0.059667 0.134587 -0.028820 -0.011169 0.089338 0.260981 0.544791 2.572100 6.573260 11.380400 15.666300 13.242100 0.688334 -44.936901 -30.543501 -13.703500 -7.574040 -3.294130 -0.984841 -0.117253 0.062272 -0.023364 -0.020613 -0.018789 -0.300565 -1.368390 -3.769310 -7.550300 -12.204200 -15.943700 -18.921801 -21.427799 -25.626301 -20.768900 -12.004100 -6.683240 -3.085180 -1.097670 -0.251082 -0.026031 -0.013109 -0.028062 -0.104812 -0.728623 -2.826510 -8.534230 -18.289200 -30.673800 -44.332199 -44.875801 -34.448799 -25.214701 -16.522301 -9.692090 -5.069460 -2.339670 -0.933340 -0.290154 -0.083457 -0.001397 -0.033099 -0.144370 -0.924630 -3.491400 -10.599600 -22.509501 -37.113800 -52.153000 -51.167900 -37.539902 -22.989599 -10.701900 -5.129250 -2.792600 -1.149560 -0.500925 -0.218974 -0.095774 0.009093 -0.035375 -0.140287 -0.903457 -3.405550 -10.092900 -20.425100 -30.994200 -28.980600 -30.418800 -29.376400 -12.094900 -0.777531 -0.209089 0.284802 0.392405 0.137789 -0.050920 -0.062890 0.016064 -0.033272 -0.107860 -0.718628 -2.780420 -7.639320 -14.569100 -21.293200 -23.481400 -21.709600 -14.187900 10.063000 14.518500 4.531370 4.038750 1.997780 0.833762 0.161345 0.001233 0.017697 -0.026154 -0.068260 -0.481002 -1.918110 -4.888470 -8.742940 -11.987200 -12.407500 -8.969380 -0.436616 26.465000 34.042301 14.681600 8.027970 3.826210 1.592530 0.430333 0.093479 0.016274 -0.015914 -0.033806 -0.259143 -1.054210 -2.610010 -4.453890 -5.611660 -4.705130 -0.861993 6.512850 20.321301 24.457600 16.708000 9.863210 4.855090 1.998870 0.606085 0.161717 0.012822 -0.001092 0.005013 0.010806 0.027672 0.083912 0.321891 0.959387 2.238830 4.328810 7.083210 10.095300 10.853000 9.058240 5.999390 3.200640 1.325660 0.441146 0.132508 0.005020)
(UseCyclicTransform "false")
(UseDirectionCosines "true")
