(BSplineTransformSplineOrder 3.000000)
(CompressResultImage "false")
(DefaultPixelValue 0.000000)
(Direction 1.000000 0.000000 0.000000 1.000000)
(FinalBSplineInterpolationOrder 3.000000)
(FixedImageDimension 2.000000)
(FixedInternalImagePixelType "float")
(GridDirection 1.000000 0.000000 0.000000 1.000000)
(GridIndex 0.000000 0.000000)
(GridOrigin -327.489014 -69.387299)
(GridSize 19.000000 18.000000)
(GridSpacing 145.625000 119.271004)
(HowToCombineTransforms "Compose")
(Index 0.000000 0.000000)
(InitialTransformParametersFileName 0.000000)
(MovingImageDimension 2.000000)
(MovingInternalImagePixelType "float")
(NumberOfParameters 684.000000)
(Origin 0.000000 0.000000)
(ResampleInterpolator "FinalBSplineInterpolator")
(Resampler "DefaultResampler")
(ResultImageFormat "nii")
(ResultImagePixelType "float")
(Size 2048.000000 1896.000000)
(Spacing 1.000000 1.000000)
(Transform "BSplineTransform")
(TransformParameters 0.006835 0.062584 0.108705 0.194232 0.241206 0.222326 0.147778 0.138058 0.125050 0.062575 -0.011547 -0.076117 -0.102104 -0.073202 -0.041235 -0.022670 -0.018552 -0.018274 -0.009452 -0.023841 -0.397171 -0.715151 -1.289030 -1.630770 -1.684870 -1.635260 -2.322380 -2.778180 -2.286340 -1.062380 0.490008 1.533590 1.328800 0.732737 0.210419 0.001359 -0.034280 0.010814 -0.173267 -1.445160 -2.348830 -3.834060 -4.555110 -3.883060 -2.007310 -2.660910 -3.569660 -2.828290 -0.716337 1.488520 2.633490 2.147460 1.109720 0.265383 -0.012781 -0.007251 0.084565 -0.811237 -5.228060 -7.895510 -11.562600 -13.512500 -10.754700 3.899310 6.430260 1.472530 1.263160 5.597260 6.668610 4.342090 2.344810 0.265463 -1.035340 -1.166360 -0.753722 0.092132 -1.980360 -11.332600 -16.418400 -23.615601 -25.820400 -18.665800 25.913799 34.829102 12.294300 11.390800 21.694201 15.116300 4.595460 1.875850 -0.815505 -2.533180 -2.278490 -1.255280 0.354001 -3.554300 -18.656900 -25.643499 -35.233898 -36.416401 -11.915400 41.907398 43.300598 20.581200 22.236200 29.232201 12.478000 4.182940 3.141390 -0.346909 -2.603400 -1.689250 -0.158824 1.198740 -5.284790 -25.107401 -31.115700 -36.372700 -50.811199 -6.674570 46.947201 14.884100 0.632106 1.356650 -12.806500 -8.230180 19.370199 14.065700 4.350250 0.261251 1.945770 3.552370 2.802080 -5.920150 -32.779499 -43.637901 -55.571301 -55.455101 -20.930901 11.478600 -13.143000 -20.502399 -9.480150 -14.991600 12.281700 44.260201 19.558100 7.704750 9.327880 12.132200 11.981000 4.955500 -5.234810 -36.145901 -51.870201 -70.516602 -66.420197 -53.940800 -36.464802 -32.331799 -29.863899 -14.553500 1.643580 23.169901 33.645500 10.256000 10.830900 25.646999 25.692801 21.602699 6.808620 -3.648170 -28.317101 -42.224499 -59.522400 -69.472298 -74.530502 -68.634003 -50.245399 -39.427799 -15.424000 9.803390 21.355900 24.243000 23.096800 42.688900 52.746899 36.390800 26.600100 7.421740 -1.426710 -12.171000 -18.959600 -32.140598 -52.037800 -60.568401 -68.279900 -46.986401 -25.551300 -1.971190 6.068390 16.768600 29.157301 34.258598 37.714001 29.000999 23.939800 22.919399 7.319270 0.662029 1.400280 1.002910 -5.532860 -31.236401 -45.385700 -47.931400 -37.610600 -18.784901 -8.164350 -11.203800 6.307550 34.131699 35.253399 28.268801 18.502600 17.048401 17.025700 6.065760 1.924990 5.771630 5.184280 -1.158600 -16.142200 -28.096001 -36.198502 -30.049299 -19.264000 -22.388300 -33.487202 -8.280710 21.792500 26.228901 24.912300 21.025299 16.426800 13.128600 3.842980 1.950510 5.724530 5.416220 1.508190 -6.894940 -16.120899 -21.959600 -19.795000 -17.539101 -23.144100 -32.977100 -11.395700 10.110600 15.134700 15.678500 13.675500 10.379000 7.874320 2.069470 1.240760 3.328520 3.135770 1.489650 -2.103260 -6.540380 -10.250700 -10.194200 -9.741010 -10.557200 -10.149300 -4.124140 3.235210 6.189230 6.993230 6.275880 4.671990 3.429980 0.814186 0.466694 1.051620 0.940845 0.506634 -0.499450 -1.712400 -2.578600 -2.180250 -1.536730 -1.303780 -1.065040 -0.285076 0.768079 1.381860 1.639800 1.535280 1.136110 0.788692 0.133024 0.273300 0.673017 0.679201 0.586162 0.214755 -0.295398 -0.702737 -0.542038 -0.195968 0.009235 0.092948 0.124201 0.195183 0.354512 0.448725 0.424625 0.285981 0.152986 -0.021859 -0.005151 0.014575 0.034089 0.058773 0.083353 0.105768 0.120844 0.107393 0.083335 0.062336 0.040828 0.014948 -0.015167 -0.044388 -0.057946 -0.055849 -0.042812 -0.033517 -0.009758 -0.015812 -0.119901 -0.214382 -0.395119 -0.765932 -1.269360 -1.737190 -1.982590 -1.927440 -1.617760 -1.233170 -0.869273 -0.570261 -0.336949 -0.168580 -0.065068 -0.016415 0.007356 0.013182 0.271083 1.455290 3.161920 7.795220 16.252800 27.697500 39.669201 48.350399 51.582199 48.695099 40.766201 29.665600 18.629499 10.862400 5.688820 2.603380 0.951694 0.347482 0.001135 0.583122 3.517140 6.972640 15.440500 30.554399 50.091499 68.924103 81.620300 85.412300 79.823601 66.871300 49.187199 31.520700 18.687700 10.055100 4.831920 1.915030 0.698204 -0.098189 1.573050 10.673000 18.839399 35.526199 66.484001 105.457001 127.484001 138.953003 139.431000 128.707993 112.279999 87.102699 58.206600 35.974201 21.250799 12.264200 6.366150 3.136430 -0.132740 2.892040 22.202299 38.379200 68.706802 111.254997 156.294998 168.042999 161.529007 170.925995 157.792007 148.072998 127.419998 84.165604 54.749699 34.658100 21.499201 11.812000 5.827890 -0.537398 4.222860 35.577599 61.635399 112.553001 148.419998 163.093994 155.268997 117.167999 125.953003 129.830994 120.702003 122.568001 95.935303 67.834503 45.091999 28.139700 14.961900 6.398960 -1.785890 5.347060 46.707298 79.840401 146.863007 170.072006 155.063995 147.835999 123.838997 100.745003 103.271004 87.410797 76.293900 94.085602 67.981400 47.459702 27.849199 12.533200 2.660230 -4.148100 6.404260 49.179600 77.974998 123.867996 127.528000 104.468002 103.766998 97.715797 78.214203 72.226799 68.119904 63.077301 72.837799 52.503700 37.721401 17.049999 2.962400 -6.275100 -7.739540 7.034580 42.822300 60.746300 80.287102 71.345299 60.592201 60.652901 47.285301 39.819401 39.969101 46.059399 43.312599 39.400200 34.511501 8.660450 1.539560 -12.949700 -18.961300 -11.099800 6.747090 31.379700 39.765099 43.182800 31.519199 23.743099 27.075500 19.399401 12.452300 32.948502 27.708799 13.778500 16.191299 11.412200 6.402180 -8.502370 -34.391899 -31.805401 -12.408800 5.642930 17.954700 18.945101 13.943600 6.976980 -6.678570 18.851500 12.922700 -4.621500 1.921630 -8.092190 -5.892790 -6.606960 -13.724600 -12.603200 -35.554699 -48.860802 -37.472099 -12.288400 4.136030 5.993520 3.412300 -6.767750 -9.152900 -13.446000 -19.540899 -17.251699 -24.392099 -28.671700 -27.736900 -27.364799 -37.933498 -37.350101 -36.563499 -41.605801 -42.790901 -34.664501 -10.927700 2.675080 -2.149860 -7.921560 -16.770599 -34.730801 -71.698502 -87.766800 -56.127201 -47.456501 -47.607498 -68.018997 -68.756798 -58.477798 -48.638302 -41.846199 -36.619900 -30.942699 -25.722000 -8.565260 1.563830 -5.806380 -13.388500 -24.234200 -41.496101 -61.549500 -74.666000 -68.741798 -67.887199 -79.875298 -100.008003 -81.134003 -55.608601 -43.618099 -34.305401 -26.855801 -20.017900 -16.073200 -5.340270 0.770427 -5.716720 -12.113900 -22.286699 -33.976898 -45.668999 -55.763401 -61.990299 -70.867798 -82.182899 -84.861397 -68.057701 -44.021000 -31.029301 -21.605400 -14.875600 -9.882470 -7.508130 -2.459650 0.280966 -3.723440 -7.420260 -13.353000 -20.244200 -28.035101 -36.615002 -46.313599 -54.549301 -58.173500 -54.586601 -43.065800 -28.516100 -17.955900 -10.412200 -5.619920 -2.870380 -1.922300 -0.671391 0.108655 -2.506020 -4.835460 -8.576910 -12.818000 -17.657200 -23.217600 -30.062000 -35.578999 -37.347900 -34.437599 -27.038000 -18.004801 -11.078900 -6.063760 -2.888910 -1.167800 -0.627868 -0.211201 -0.012483 0.063749 0.142621 0.271736 0.388444 0.484475 0.571824 0.673675 0.788273 0.868084 0.820518 0.604418 0.337283 0.197066 0.123642 0.090053 0.068703 0.058952 0.023010)
(UseCyclicTransform "false")
(UseDirectionCosines "true")
