(BSplineTransformSplineOrder 3.000000)
(CompressResultImage "false")
(DefaultPixelValue 0.000000)
(Direction 1.000000 0.000000 0.000000 1.000000)
(FinalBSplineInterpolationOrder 3.000000)
(FixedImageDimension 2.000000)
(FixedInternalImagePixelType "float")
(GridDirection 1.000000 0.000000 0.000000 1.000000)
(GridIndex 0.000000 0.000000)
(GridOrigin -158.677002 -225.362000)
(GridSize 19.000000 16.000000)
(GridSpacing 132.164993 136.311996)
(HowToCombineTransforms "Compose")
(Index 0.000000 0.000000)
(InitialTransformParametersFileName 0.000000)
(MovingImageDimension 2.000000)
(MovingInternalImagePixelType "float")
(NumberOfParameters 608.000000)
(Origin 0.000000 0.000000)
(ResampleInterpolator "FinalBSplineInterpolator")
(Resampler "DefaultResampler")
(ResultImageFormat "nii")
(ResultImagePixelType "float")
(Size 2048.000000 1555.000000)
(Spacing 1.000000 1.000000)
(Transform "BSplineTransform")
(TransformParameters 0.050448 0.203799 0.259067 0.296127 0.241427 0.117256 -0.026130 -0.136430 -0.152103 -0.066032 0.050671 0.128558 0.114869 -0.000719 -0.092766 -0.121752 -0.089798 -0.057106 -0.002678 -0.905475 -2.861720 -3.373360 -3.668520 -2.917900 -1.357160 0.489278 1.761910 2.115910 1.578290 0.572239 -0.380697 -0.558047 0.512211 1.554410 1.973160 1.585860 1.060450 0.078006 -1.723840 -5.793150 -6.911650 -7.482370 -5.930750 -2.688970 1.256690 4.079940 4.917830 3.757050 1.564810 -0.472070 -0.802323 1.533690 3.808580 4.592960 3.493190 2.318450 0.209689 -2.606350 -10.961000 -14.133800 -16.260700 -13.082200 -5.862520 2.628610 10.688900 13.799000 10.398900 4.035150 -1.446360 -1.602770 5.785370 10.601800 10.786100 7.276700 4.707130 0.580354 -3.337710 -17.221201 -24.292101 -31.460899 -26.043200 -12.791100 2.367850 23.674601 32.714298 25.881701 9.866770 -3.381970 -2.220300 16.413401 24.022900 21.458900 13.504400 8.614610 1.292880 -3.619200 -20.164600 -30.758200 -45.431000 -36.941101 -17.769800 0.840398 35.052399 49.619598 47.785999 18.906000 -10.430300 -1.505320 42.513199 46.271099 35.249500 21.794399 13.968800 2.354240 -3.467130 -17.184900 -23.844101 -30.326799 -23.792900 -9.091840 7.109140 29.960400 48.307301 56.028400 32.873402 6.326390 10.840300 52.865002 60.834702 49.712399 32.180698 20.862499 3.544060 -2.803140 -11.305400 -14.178200 -15.488200 -11.738200 -3.645210 7.840390 23.248100 48.239201 77.526497 43.920601 23.405100 20.847099 60.121498 74.723000 65.580704 43.956299 28.167200 4.801270 -1.653890 -5.918890 -7.155320 -7.603710 -5.699590 -1.660900 4.388970 12.878400 27.669800 47.367199 29.271299 20.473499 24.929701 61.477798 77.917397 71.971397 50.884201 33.912498 6.007060 -0.776949 -2.386330 -2.757610 -2.892770 -2.192290 -0.810988 0.851137 2.175090 0.092874 -7.870480 -15.541700 -5.656010 26.519199 52.315201 75.407799 81.104202 55.588600 36.165798 5.947940 -0.271896 -0.697186 -0.771762 -0.874305 -0.762248 -0.737596 -1.624400 -4.824150 -13.995500 -28.823400 -30.989100 -14.205200 16.291300 37.134102 65.043701 78.492897 51.318199 32.591099 5.282910 -0.064968 -0.172916 -0.211020 -0.343796 -0.446282 -0.937085 -2.585070 -6.546190 -12.614900 -18.406500 -18.584600 -9.877830 5.494660 21.573900 36.681099 42.421101 33.201000 23.572599 4.530860 -0.020971 -0.047527 -0.073208 -0.196551 -0.378542 -0.921421 -2.289820 -5.177000 -8.714810 -11.268600 -10.779100 -6.077990 1.936380 10.814100 18.089399 20.863100 17.753401 13.649700 3.261580 -0.015290 -0.027986 -0.045659 -0.133893 -0.296318 -0.695732 -1.542120 -3.167910 -4.813970 -5.650640 -5.140370 -3.026150 0.447257 4.538460 7.610850 8.875800 7.994220 6.680180 2.010270 -0.002839 -0.004626 -0.014758 -0.061856 -0.154064 -0.370777 -0.809827 -1.634730 -2.432840 -2.794060 -2.510760 -1.529780 0.041957 1.914290 3.381900 4.032130 3.671080 3.133090 1.015530 0.002739 0.008034 0.010256 0.015501 0.022335 0.039553 0.078919 0.160455 0.244091 0.288287 0.270224 0.185354 0.048030 -0.111073 -0.244924 -0.310794 -0.285257 -0.234960 -0.067135 -0.018797 -0.042044 -0.013556 0.076759 0.128225 0.101769 0.011823 -0.052549 -0.095136 -0.102089 -0.022498 0.174997 0.356877 0.338508 0.222189 0.094184 0.019398 -0.001694 0.001192 -0.710173 -4.506930 -6.814870 -10.007600 -12.272500 -13.186800 -12.601000 -10.823500 -8.886360 -7.709920 -7.672570 -8.736170 -9.578500 -8.584850 -6.676370 -4.515320 -2.604270 -1.416250 -0.027226 -1.187570 -7.571100 -11.502200 -17.043600 -20.986700 -22.552000 -21.465599 -18.158701 -14.594700 -12.588000 -12.994700 -15.451500 -17.379700 -15.781600 -12.484800 -8.576580 -4.935230 -2.700240 -0.084701 -1.339830 -9.071100 -14.564400 -23.212000 -29.146601 -30.597900 -27.669399 -22.648899 -17.422701 -14.707100 -16.841499 -24.892799 -32.402199 -30.593300 -23.162701 -14.625800 -8.287100 -4.584680 -0.296426 -1.140670 -7.496930 -14.774700 -27.137400 -36.732700 -34.405800 -33.888401 -29.441099 -16.959400 -10.962200 -15.461000 -33.994900 -54.439999 -51.844700 -36.164200 -21.551901 -12.346100 -7.044000 -0.691008 -1.051450 -1.297230 -1.316710 6.439090 21.161699 33.598000 37.323601 28.801100 25.986700 19.238199 -1.600720 -29.199301 -61.312599 -59.302502 -40.187599 -25.699600 -15.874900 -9.664240 -1.154350 -0.694453 4.210650 12.027700 28.800800 47.613499 57.463299 64.912003 59.702702 50.423100 40.268101 13.280300 -12.369500 -20.187099 -29.592800 -36.172298 -26.361300 -17.584600 -11.577000 -1.611770 -0.215817 5.828150 12.067200 23.030899 33.871101 42.353600 46.855900 45.880798 41.942101 34.894798 19.011700 -17.970400 -45.476002 -44.545399 -30.572300 -14.060500 -16.217100 -12.226200 -1.853440 0.047862 3.690840 6.970520 12.471600 18.117001 22.880400 25.406300 24.726700 15.629500 -9.934100 6.623580 13.064700 3.899160 -4.519460 -6.829170 -3.237350 -13.546300 -11.129200 -1.672090 0.145370 2.029650 3.448250 5.643570 7.980690 10.279200 11.937200 12.711000 7.271320 -0.814790 20.643801 26.022800 29.924700 5.006340 -14.431600 -12.162600 -8.111080 -6.503170 -1.021840 0.133800 1.154130 1.831410 2.804080 3.777770 4.966350 6.581660 9.100680 11.283700 25.073999 61.348400 83.961502 100.293999 79.106697 46.941002 22.374201 4.304850 0.125280 -0.309108 0.083219 0.648902 0.994690 1.464700 1.908830 2.686260 4.475030 8.056950 15.439200 29.194300 48.666599 65.798500 74.145500 67.215500 52.301601 32.230400 13.541400 5.966400 0.197168 0.026216 0.226568 0.344219 0.496329 0.676647 1.227800 2.755660 5.941840 12.125600 21.617100 33.000301 42.964199 47.555302 43.879601 35.140598 24.047300 13.283400 7.404410 0.712218 -0.002288 0.019932 0.030637 0.038155 0.101259 0.469744 1.534320 3.753680 7.549270 12.790700 18.528900 23.570801 26.074800 24.507200 20.398800 15.094100 9.644460 6.061310 0.791712 -0.003382 -0.002844 -0.003811 -0.009125 0.017835 0.214675 0.795299 2.016290 4.082540 6.918050 10.043900 12.806700 14.270300 13.657500 11.589900 8.706270 5.584720 3.537190 0.488164 0.001295 0.004417 0.005478 0.006130 0.005556 -0.001497 -0.025558 -0.077412 -0.187354 -0.359421 -0.554573 -0.714605 -0.787520 -0.741418 -0.594569 -0.387247 -0.178493 -0.072977 0.010586)
(UseCyclicTransform "false")
(UseDirectionCosines "true")
