(BSplineTransformSplineOrder 3.000000)
(CompressResultImage "false")
(DefaultPixelValue 0.000000)
(Direction 1.000000 0.000000 0.000000 1.000000)
(FinalBSplineInterpolationOrder 3.000000)
(FixedImageDimension 2.000000)
(FixedInternalImagePixelType "float")
(GridDirection 1.000000 0.000000 0.000000 1.000000)
(GridIndex 0.000000 0.000000)
(GridOrigin -209.188004 -368.963989)
(GridSize 19.000000 18.000000)
(GridSpacing 132.783005 151.746994)
(HowToCombineTransforms "Compose")
(Index 0.000000 0.000000)
(InitialTransformParametersFileName 0.000000)
(MovingImageDimension 2.000000)
(MovingInternalImagePixelType "float")
(NumberOfParameters 684.000000)
(Origin 0.000000 0.000000)
(ResampleInterpolator "FinalBSplineInterpolator")
(Resampler "DefaultResampler")
(ResultImageFormat "nii")
(ResultImagePixelType "float")
(Size 2048.000000 1822.000000)
(Spacing 1.000000 1.000000)
(Transform "BSplineTransform")
(TransformParameters 0.002680 0.016661 0.022756 0.034803 -0.036895 -0.177639 -0.309131 -0.304656 -0.154593 0.066891 0.219726 0.177509 0.035547 -0.008850 -0.016090 -0.006912 -0.000524 0.000956 -0.000068 0.189123 -4.642680 -8.205740 -12.280500 -14.402000 -12.765100 -5.735850 8.841270 23.004299 30.155199 29.256800 21.483601 11.833500 6.051090 2.666760 0.906966 0.026506 -0.109144 0.027428 0.296055 -7.592910 -13.542300 -20.673401 -24.703100 -22.158300 -9.986120 15.054900 38.568100 49.369499 47.110600 34.453201 19.230900 9.915200 4.391270 1.482700 0.041088 -0.182846 0.043105 0.480478 -13.382000 -24.634399 -39.894199 -50.094898 -46.190300 -19.914600 28.289301 69.164497 83.739899 77.041496 55.898399 32.177700 16.776899 7.347690 2.282890 -0.099552 -0.414078 0.080109 0.670004 -19.700199 -37.362499 -63.419998 -88.289398 -93.834099 -50.512299 34.551399 102.676003 120.650002 111.401001 81.777000 47.914101 25.153000 10.873700 3.184260 -0.220640 -0.655202 0.110278 0.819662 -24.692801 -48.031300 -84.482597 -130.024994 -166.190994 -151.595001 -15.361800 104.081001 147.746002 146.505005 110.825996 64.559799 33.733601 14.383900 4.211240 -0.127519 -0.757189 0.108049 0.889236 -26.573601 -52.820000 -95.727203 -157.074005 -222.425995 -253.789001 -96.295700 54.232300 133.593994 185.429001 148.669006 82.665802 42.065701 17.526400 5.484810 0.345695 -0.603161 0.051883 0.794899 -24.270399 -48.405800 -88.301201 -145.576996 -205.123001 -235.945999 -112.445000 28.773500 123.830002 179.371002 126.992996 61.665798 30.961800 13.812600 5.338730 0.775501 -0.261154 -0.038997 0.581980 -18.942600 -37.301399 -67.085403 -107.000000 -145.977005 -158.709000 -79.903000 21.030300 122.291000 120.327003 33.670101 23.430000 14.460500 8.884940 5.217220 1.300440 0.108330 -0.157213 0.361165 -12.908900 -24.995501 -43.933601 -69.471802 -93.793404 -100.514999 -53.923599 16.273300 94.819000 76.397903 24.008801 30.461399 15.940100 11.942500 7.078190 2.085130 0.291263 -0.290696 0.198142 -7.666410 -14.636700 -25.274900 -39.105999 -51.153500 -52.356899 -24.337299 9.720060 37.917198 10.711400 27.344801 87.381203 74.817200 33.722698 10.750600 2.773230 0.057326 -0.370993 0.096264 -3.780100 -7.164460 -12.288800 -18.383600 -22.806000 -21.567699 -5.373060 8.428780 8.358040 -9.901460 23.389200 57.586601 37.932999 23.053699 6.909140 1.175600 -0.613699 -0.385140 0.038980 -1.343680 -2.531160 -4.283260 -6.303520 -7.584710 -6.759380 -0.559870 3.250670 0.698243 -4.661360 -3.272880 -11.697300 -20.796000 -11.987000 -5.521080 -2.786020 -1.564230 -0.330053 0.013532 -0.267651 -0.507309 -0.843085 -1.205840 -1.359280 -1.053190 0.457504 0.435427 -2.373700 -6.145020 -10.230300 -14.796000 -16.207100 -15.515600 -10.128800 -4.930280 -2.471100 -0.192735 0.005236 -0.029983 -0.059845 -0.091389 -0.134340 -0.180508 -0.249769 -0.281083 -1.068440 -3.133610 -6.306050 -10.110000 -13.626000 -15.613500 -14.039000 -9.958890 -5.393120 -2.842840 -0.074821 0.003212 -0.087190 -0.160621 -0.260092 -0.390288 -0.546778 -0.733758 -0.896991 -1.564820 -3.086880 -5.328330 -7.971080 -10.118500 -10.736200 -9.567740 -7.182870 -4.358150 -2.428040 -0.016170 0.000996 -0.008883 -0.014507 -0.014786 -0.028487 -0.082613 -0.220821 -0.478896 -1.073290 -2.144470 -3.637840 -5.321240 -6.583360 -6.759550 -6.041950 -4.644750 -2.882320 -1.622120 -0.004419 -0.000238 0.011429 0.021460 0.036855 0.054750 0.070532 0.077216 0.064755 0.047211 0.043993 0.072177 0.127036 0.177108 0.184235 0.176783 0.138270 0.070004 0.034095 -0.000376 -0.003557 -0.114936 -0.344791 -0.990380 -2.029080 -3.196560 -4.076810 -4.041730 -3.614170 -3.158040 -2.471840 -1.508910 -0.593635 -0.183418 -0.033193 -0.008675 -0.005488 -0.003604 0.000816 0.036976 -3.134670 -7.114440 -15.911000 -30.256500 -48.490200 -66.293503 -76.657997 -76.373802 -65.639000 -48.420799 -29.589001 -14.259700 -6.053210 -2.197640 -0.699106 -0.058128 0.052102 -0.009401 0.056513 -4.392010 -9.909260 -22.000900 -42.104599 -68.449600 -95.366600 -113.889000 -115.294998 -98.157097 -71.459503 -43.234402 -20.882700 -8.869390 -3.240110 -1.035540 -0.073422 0.086998 -0.014503 0.059568 -4.874790 -11.265100 -25.690300 -49.850399 -82.992599 -119.286003 -161.347000 -171.669006 -140.770996 -100.466003 -60.107700 -29.297600 -12.507100 -4.585510 -1.430200 -0.058502 0.150357 -0.027564 0.021311 -3.802970 -9.267310 -22.387199 -45.905399 -79.311699 -107.435997 -180.610001 -209.244003 -163.716003 -118.552002 -71.421700 -34.017101 -14.260600 -5.121550 -1.577570 -0.008555 0.205843 -0.031579 -0.060599 -1.444060 -4.284140 -12.434400 -29.353600 -57.807800 -87.596901 -136.134995 -162.578003 -148.160995 -119.226997 -72.596802 -32.100899 -12.661600 -4.267710 -1.338180 0.061478 0.227912 -0.010662 -0.170234 1.583490 2.536500 2.034780 0.943124 -2.437100 -6.971780 -43.815899 -75.478500 -102.716003 -103.013000 -59.298698 -21.469299 -6.706350 -1.629000 -0.612935 0.142609 0.199399 0.045483 -0.265068 4.668180 9.399620 16.616800 30.928400 53.344002 86.075996 50.693600 -9.642580 -39.855000 -19.556601 -0.648493 1.784610 1.612880 0.867797 0.414989 0.178276 0.143930 0.131547 -0.306438 6.701820 13.848700 26.121901 49.102699 81.997101 113.490997 96.852501 57.729900 26.074100 59.875099 63.183800 27.816799 9.680410 2.991810 1.724800 0.240565 0.087133 0.218005 -0.272855 6.700330 13.914500 26.685200 48.958500 78.513496 105.065002 103.443001 82.802299 62.752602 98.178200 95.702599 40.387199 12.796400 4.751160 3.117570 0.382471 0.035083 0.268404 -0.182558 4.880250 10.094600 19.441999 34.718700 53.985298 70.820198 69.669601 62.520000 57.978901 97.468697 90.965202 35.685398 15.241300 9.779770 3.925510 0.476521 -0.067842 0.276713 -0.091840 2.634050 5.419890 10.491900 18.280001 27.913200 36.827599 38.346699 38.383999 45.783798 83.195602 103.940002 78.085899 33.742901 10.316800 2.151570 -0.097750 -0.303731 0.243130 -0.038704 1.083970 2.268490 4.530000 8.056840 12.894300 18.773199 24.138201 32.255901 45.466999 65.359596 74.981003 58.609299 6.569870 -1.808630 -1.825860 -1.307480 -0.653130 0.181998 -0.011592 0.276137 0.608759 1.320900 2.505180 4.547950 7.969630 13.091500 20.838100 30.532200 39.205101 40.595798 29.563101 4.826640 -2.662240 -3.094520 -1.830070 -0.923955 0.124943 -0.003609 0.054813 0.132816 0.330078 0.690137 1.522390 3.265430 6.412310 10.777000 15.330600 18.160700 17.367001 12.177800 3.527070 -1.519980 -2.756540 -1.790260 -0.990294 0.069835 -0.003248 0.077080 0.155747 0.303857 0.520887 0.914485 1.628530 2.848880 4.349190 5.694530 6.312500 5.750790 3.865940 1.000650 -1.041330 -1.763900 -1.340450 -0.808636 0.026605 -0.000769 0.007284 0.012992 0.023588 0.042247 0.144630 0.437652 1.082770 1.856030 2.474680 2.705490 2.413810 1.574240 0.335496 -0.663945 -1.082730 -0.871700 -0.542108 0.011556 0.000315 -0.009664 -0.019461 -0.037115 -0.061317 -0.091365 -0.124674 -0.155381 -0.183775 -0.203159 -0.196731 -0.158015 -0.100957 -0.050296 -0.003810 0.015988 0.004438 -0.000104 -0.001034)
(UseCyclicTransform "false")
(UseDirectionCosines "true")
