(BSplineTransformSplineOrder 3.000000)
(CompressResultImage "false")
(DefaultPixelValue 0.000000)
(Direction 1.000000 0.000000 0.000000 1.000000)
(FinalBSplineInterpolationOrder 3.000000)
(FixedImageDimension 2.000000)
(FixedInternalImagePixelType "float")
(GridDirection 1.000000 0.000000 0.000000 1.000000)
(GridIndex 0.000000 0.000000)
(GridOrigin -259.783997 -207.891006)
(GridSize 17.000000 19.000000)
(GridSpacing 135.798004 137.901001)
(HowToCombineTransforms "Compose")
(Index 0.000000 0.000000)
(InitialTransformParametersFileName 0.000000)
(MovingImageDimension 2.000000)
(MovingInternalImagePixelType "float")
(NumberOfParameters 646.000000)
(Origin 0.000000 0.000000)
(ResampleInterpolator "FinalBSplineInterpolator")
(Resampler "DefaultResampler")
(ResultImageFormat "nii")
(ResultImagePixelType "float")
(Size 1745.000000 2048.000000)
(Spacing 1.000000 1.000000)
(Transform "BSplineTransform")
(TransformParameters 0.001420 0.005124 0.002383 -0.008399 -0.045116 -0.134161 -0.300537 -0.573251 -0.920462 -1.238130 -1.310740 -1.124100 -0.806300 -0.471616 -0.211121 -0.073837 0.036919 -0.003983 -0.006195 -0.025898 -0.216084 -0.819911 -2.142800 -4.247290 -7.860120 -12.169600 -14.263600 -12.049200 -7.014930 -2.656650 0.088308 0.891406 0.407997 0.105356 -0.003550 -0.003885 -0.028848 -0.348316 -1.364120 -3.589180 -6.974280 -13.325600 -21.242599 -24.958500 -19.112101 -8.049990 -0.962630 2.807220 3.156730 1.554200 0.212087 0.011787 0.046029 0.034307 -0.465082 -2.080440 -5.645000 -10.684500 -21.744301 -36.509102 -43.288101 -27.211800 -3.015750 7.106900 10.930800 9.234840 4.899770 0.616822 0.007514 0.017026 0.010149 -0.657132 -2.792110 -7.442730 -13.725800 -28.307301 -49.104401 -67.021202 -41.217499 14.703400 20.736200 23.439301 18.313900 10.330000 1.374520 -0.064442 -0.178430 -0.157710 -0.933710 -3.475740 -8.976560 -16.282499 -32.908501 -56.410900 -82.061302 -66.148598 9.810040 33.500301 39.810200 31.275101 18.893900 2.994220 -0.283545 -0.715355 -0.632288 -1.390260 -4.159900 -10.359800 -18.774900 -36.762402 -59.302299 -63.746300 -11.061300 26.242001 48.796398 60.327301 49.542801 31.828100 6.058240 -0.685224 -1.722180 -1.697350 -2.371070 -5.204380 -12.222400 -22.745001 -44.639301 -71.488197 -68.591698 -15.178300 43.959400 84.622704 94.973900 77.687698 52.143200 11.473100 -1.712250 -4.934910 -5.619680 -5.980000 -7.415390 -12.884800 -23.370100 -46.581902 -73.327904 -63.855499 -33.883499 46.333500 117.913002 126.168999 106.467003 70.344803 16.536301 -3.504990 -11.993000 -15.791400 -16.417299 -13.468500 -11.066700 -15.951900 -34.773998 -58.498901 -56.411098 -22.574100 50.368599 92.913101 139.522003 130.207001 76.644798 18.817600 -5.644220 -23.260000 -34.846100 -37.671700 -26.634300 -7.654750 0.692953 -9.683920 -32.516602 -43.713100 -30.089899 4.893790 52.501999 95.561897 94.900902 64.270103 17.659000 -7.328460 -38.166000 -65.760597 -83.601196 -63.093800 0.652412 29.935200 27.929600 2.857470 -23.312799 -33.035900 -23.073299 17.299999 44.669300 51.104900 41.182800 12.877600 -7.756910 -48.054798 -89.239304 -137.485992 -130.082001 6.336160 71.087997 70.271599 40.648602 3.529860 -16.753401 -14.393300 1.279120 15.136800 20.897600 19.020901 7.043740 -6.498890 -42.908798 -78.938202 -114.573997 -125.497002 -50.685200 84.142502 121.884003 72.521797 28.855301 2.289550 -3.112130 -0.786972 4.479020 7.941640 8.278770 3.582780 -4.630560 -31.776400 -57.238800 -76.963997 -73.769501 -45.900101 49.144501 115.431000 77.372002 39.956902 15.062700 6.307530 2.068420 1.893940 2.832280 3.303020 1.579610 -2.876040 -19.949400 -34.792400 -44.692200 -40.456299 -19.739599 28.432100 62.866699 57.118999 35.679199 18.219500 9.779340 3.978100 1.548410 1.028670 1.232180 0.561397 -1.597970 -10.752800 -17.992201 -22.477900 -19.436300 -7.736950 13.568600 28.813499 29.314501 21.392799 13.052000 7.236330 2.851830 0.569353 -0.100292 0.084672 0.061049 -0.796133 -5.423610 -8.841630 -10.852900 -9.157740 -3.298340 6.194480 13.406400 14.824900 12.095900 8.208020 4.724920 1.936260 0.333918 -0.198634 -0.087921 -0.033715 0.060738 0.067407 -0.002533 -0.074175 -0.127014 -0.154542 -0.143598 -0.039350 0.158036 0.367421 0.425867 0.331225 0.189974 0.076685 0.028361 0.036058 0.012024 0.000211 0.005085 -0.000820 -0.005153 -0.035196 -0.145780 -0.388089 -0.883741 -1.574060 -2.146290 -2.297320 -2.033740 -1.573960 -1.057200 -0.593140 -0.280594 0.036616 -0.001698 0.005408 -0.072839 -0.111937 -0.308718 -1.104910 -2.973640 -6.824520 -12.240800 -16.933201 -18.757500 -17.501600 -14.343200 -10.039600 -5.680730 -2.523520 0.440458 -0.001385 0.017805 -0.093139 -0.128841 -0.364563 -1.443060 -4.083630 -9.619820 -17.423800 -24.017799 -27.240499 -26.549801 -22.748699 -16.269100 -9.256610 -4.221590 0.600624 -0.000288 0.049572 -0.080187 -0.059081 -0.207652 -1.355620 -4.481870 -11.456700 -21.216101 -27.899900 -32.225800 -35.674599 -33.793999 -25.216400 -14.500900 -7.055080 0.539501 0.005700 0.083682 -0.030632 0.077311 0.206304 -0.273329 -2.578450 -7.134020 -14.131600 -20.379400 -26.809999 -49.442600 -45.622299 -33.523399 -20.039499 -10.386800 0.001807 -0.027539 -0.213709 -0.470270 -0.426737 0.095019 1.107990 1.166400 3.773730 6.895510 3.289120 -31.190201 -65.364304 -51.058701 -38.419701 -24.562799 -13.794900 -1.081400 -0.157676 -1.361990 -2.289950 -2.804590 -1.983500 1.159020 5.036870 18.513100 39.442402 59.222099 5.113690 -62.539700 -43.379601 -36.243900 -26.320900 -16.511499 -2.627830 -0.510575 -3.969210 -6.280340 -8.068570 -7.337080 -2.068310 6.362460 30.369101 68.963402 124.333000 100.570999 1.448400 -5.561110 -19.935600 -24.667601 -18.212299 -4.583280 -0.754005 -7.959830 -13.791000 -19.079100 -19.937700 -13.366500 0.004762 30.381500 73.202103 98.435997 87.746201 56.262699 54.835999 -6.062200 -23.548700 -16.513201 -5.509870 -0.656295 -12.254900 -23.457500 -35.204800 -40.643200 -34.939400 -17.122999 14.819200 52.500999 72.483803 65.143799 57.542702 66.792503 -12.488900 -21.381800 -10.521300 -4.731040 -0.285302 -14.617500 -30.008400 -49.978500 -63.632702 -61.299599 -41.222099 -9.638110 22.670401 46.759800 52.584801 33.743099 34.930599 18.062401 4.036260 -1.689870 -3.133410 0.124063 -13.024000 -27.726801 -54.607800 -94.267700 -98.301300 -73.046799 -40.177799 -7.043230 16.654499 16.976801 -0.235689 14.304400 16.164600 10.389900 3.319640 -1.160330 0.208855 -5.975610 -12.208200 -21.655899 -58.086300 -95.661201 -86.760696 -50.993698 -19.135300 1.645080 6.254040 2.779350 7.203590 8.469330 6.730680 3.863590 0.335230 -0.263739 6.008890 14.800900 37.114399 71.491997 66.765800 3.503210 -16.404400 -0.962534 5.040390 5.847820 3.784990 4.611730 4.964000 4.314380 3.033020 0.618776 -0.411088 14.130900 31.455200 58.885502 88.550201 124.845001 126.749001 64.541199 25.907101 13.304300 7.276240 4.300060 3.157850 2.672600 2.197960 1.620880 0.402034 -0.210606 15.509000 32.383999 55.586201 80.069397 101.093002 102.478996 75.861099 38.832600 18.018801 7.546580 3.584010 1.789260 1.181950 0.848810 0.503101 0.118007 0.079376 10.808700 20.753901 34.654400 48.631699 58.738701 58.832100 48.191898 30.790800 15.259100 5.944710 2.272410 0.606678 0.197479 0.128086 0.012870 0.014260 0.032005 6.633690 12.375600 20.570900 28.925200 35.149200 36.764400 32.047401 22.118299 11.571600 4.726640 1.816270 0.428810 0.046058 -0.014025 -0.073313 -0.011227 -0.104222 0.253733 0.654533 1.384120 2.351260 3.366000 4.107260 4.151610 3.414500 2.312590 1.342860 0.690797 0.294699 0.103148 0.033577 0.017637 0.004195)
(UseCyclicTransform "false")
(UseDirectionCosines "true")
