(BSplineTransformSplineOrder 3.000000)
(CompressResultImage "false")
(DefaultPixelValue 0.000000)
(Direction 1.000000 0.000000 0.000000 1.000000)
(FinalBSplineInterpolationOrder 3.000000)
(FixedImageDimension 2.000000)
(FixedInternalImagePixelType "float")
(GridDirection 1.000000 0.000000 0.000000 1.000000)
(GridIndex 0.000000 0.000000)
(GridOrigin -138.878998 -177.862000)
(GridSize 19.000000 18.000000)
(GridSpacing 128.231003 125.627998)
(HowToCombineTransforms "Compose")
(Index 0.000000 0.000000)
(InitialTransformParametersFileName 0.000000)
(MovingImageDimension 2.000000)
(MovingInternalImagePixelType "float")
(NumberOfParameters 684.000000)
(Origin 0.000000 0.000000)
(ResampleInterpolator "FinalBSplineInterpolator")
(Resampler "DefaultResampler")
(ResultImageFormat "nii")
(ResultImagePixelType "float")
(Size 2048.000000 1813.000000)
(Spacing 1.000000 1.000000)
(Transform "BSplineTransform")
(TransformParameters 0.000069 0.001681 0.002747 0.003966 0.004732 0.004978 0.004726 0.004193 0.003484 0.002728 0.002098 0.001697 0.001400 0.000995 0.000621 0.000336 0.000162 0.000073 -0.000006 0.000086 -0.019431 -0.033477 -0.050391 -0.062078 -0.066097 -0.060928 -0.046658 -0.029609 -0.015527 -0.006827 -0.004105 -0.004406 -0.003589 -0.002554 -0.001586 -0.000915 -0.000458 0.000039 -0.000461 -0.044818 -0.076666 -0.116048 -0.143976 -0.154903 -0.145626 -0.117234 -0.082300 -0.052600 -0.033799 -0.027717 -0.026906 -0.020987 -0.014181 -0.008316 -0.004416 -0.002111 0.000181 -0.001000 -0.112692 -0.195597 -0.304007 -0.380895 -0.407463 -0.374954 -0.288077 -0.194586 -0.131958 -0.105977 -0.109365 -0.115586 -0.096387 -0.068482 -0.041551 -0.021690 -0.010247 0.000906 -0.003606 -0.224120 -0.389694 -0.612598 -0.781994 -0.855124 -0.811947 -0.662231 -0.478529 -0.337804 -0.264974 -0.259888 -0.265994 -0.214490 -0.147712 -0.087572 -0.046111 -0.021914 0.001943 -0.010241 -0.376332 -0.649252 -1.019060 -5.623110 -43.267300 -24.589300 -1.393230 -0.808845 -0.650400 -0.556447 -0.491559 -0.462104 -0.343728 -0.218352 -0.121069 -0.064856 -0.031066 0.002837 -0.021720 -0.553502 -0.942569 -1.465480 -21.082800 -168.326004 -82.244797 17.217100 1.136770 -8.586460 -1.697440 -0.760654 -0.624396 -0.403729 -0.216510 -0.101252 -0.057185 -0.027906 0.002936 -0.037179 -0.766669 -1.268520 -1.916040 -11.053200 -50.574200 -3.258170 64.410400 7.962260 -15.998400 -3.087880 -1.385600 -1.368920 -1.282190 -0.390878 -0.034308 -0.023717 -0.010289 0.002464 -0.050484 -0.932659 -1.828880 -8.499670 -46.709801 -50.847900 17.577499 16.719101 -2.216610 -4.218860 -3.302860 -0.366307 7.184390 -8.741650 -2.673300 0.173785 0.086537 0.043697 0.000020 -0.054418 -0.942856 -7.372640 -98.924797 -135.444000 -68.802002 2.330670 0.499029 14.585500 37.747799 10.961000 -58.258400 -10.685300 -2.197680 -0.952823 0.635675 0.318365 0.151514 -0.005779 -0.048362 -0.785881 -10.332600 -129.610001 -105.292999 -8.812360 -1.890280 2.778450 43.212200 98.204903 66.156403 2.728860 14.104100 4.139500 1.903970 1.229840 0.609925 0.284366 -0.013446 -0.037437 -0.544435 -3.068110 -27.507099 -18.946600 -1.847460 -1.257240 1.408470 6.887720 14.637900 20.333401 126.865997 123.264000 8.833200 1.823790 1.356060 0.798405 0.368994 -0.018679 -0.026306 -0.312427 -0.509372 -0.852867 -1.001990 -1.045170 -1.047750 -0.964028 -0.467637 0.900243 2.971390 27.899700 28.672199 4.729050 1.595740 1.255890 0.780896 0.359554 -0.018671 -0.015495 -0.147794 -0.242474 -0.389795 -0.544356 -0.678405 -0.722901 -0.690608 -0.309863 0.662197 1.783690 2.979640 3.620610 3.077460 2.075140 1.210380 0.602730 0.277007 -0.014482 -0.007040 -0.055958 -0.098429 -0.181660 -0.296363 -0.417209 -0.488044 -0.449868 -0.169541 0.405538 1.133540 1.845610 2.189120 1.858980 1.286070 0.735956 0.359635 0.165213 -0.008547 -0.001987 -0.017780 -0.036596 -0.081127 -0.152856 -0.235310 -0.293091 -0.276635 -0.140490 0.120904 0.451675 0.772421 0.931381 0.798927 0.557541 0.321154 0.156434 0.071943 -0.003580 -0.000542 -0.003100 -0.010664 -0.034418 -0.077940 -0.130362 -0.168497 -0.158430 -0.077902 0.072161 0.258482 0.434998 0.519680 0.444514 0.309669 0.178092 0.086530 0.039747 -0.001961 0.000089 0.001014 0.001648 0.002507 0.003530 0.004581 0.005208 0.004878 0.002140 -0.003422 -0.010378 -0.016757 -0.019648 -0.016855 -0.011852 -0.006911 -0.003386 -0.001570 0.000076 -0.000444 -0.002612 -0.000955 0.007799 0.026658 0.052521 0.078036 0.090832 0.088515 0.072056 0.044619 0.012022 -0.015074 -0.026357 -0.027206 -0.021849 -0.014031 -0.007695 0.000425 0.000921 0.015993 -0.004334 -0.100443 -0.304098 -0.573133 -0.815906 -0.874707 -0.784971 -0.610701 -0.396774 -0.192680 -0.044949 0.016490 0.029921 0.022483 0.013070 0.006772 -0.000203 0.006511 0.030106 -0.042649 -0.329332 -0.919312 -1.697400 -2.405900 -2.602170 -2.347860 -1.793950 -1.067320 -0.325183 0.227203 0.422490 0.412016 0.305075 0.183557 0.097093 -0.004832 0.022733 -0.033242 -0.386306 -1.505320 -3.670430 -6.441600 -8.860640 -9.296870 -8.080650 -5.872330 -3.199500 -0.662137 1.099130 1.635670 1.496010 1.073040 0.640431 0.339180 -0.014685 0.055824 -0.073135 -0.819901 -3.153830 -7.700580 -13.586000 -18.774900 -19.773500 -17.262600 -12.508200 -6.559620 -0.670327 3.510820 4.658270 4.137780 2.919010 1.700450 0.883797 -0.041847 0.107500 0.059405 -1.014770 -4.552220 -3.526560 9.932760 -69.778999 -39.527302 -28.022600 -20.603001 -10.875700 -0.109247 7.946890 10.067700 8.876290 6.236760 3.573140 1.829530 -0.095652 0.171496 0.478694 -0.683450 -5.013910 20.439800 52.178501 -277.268005 -60.923901 -45.926399 -52.422100 -17.850901 1.162320 14.441900 17.808800 15.617300 10.931300 6.195060 3.138220 -0.176617 0.229948 1.474050 0.686927 -3.759780 -16.817900 -108.931999 -145.626007 145.755997 81.542900 -76.949097 -27.132900 -0.644487 22.806000 30.197399 23.902901 16.365601 9.246540 4.694540 -0.272430 0.249429 2.579260 2.719280 -1.996270 26.315300 16.054800 -22.257700 213.580002 182.384995 -43.199501 -33.265900 22.989401 106.348000 63.471901 27.751699 20.257900 11.409900 5.797510 -0.341561 0.202784 3.039630 1.965900 -76.098900 -38.385799 72.546997 -29.972401 -33.502399 -9.410620 -9.065600 -143.220001 -128.567001 153.839996 58.436199 26.808001 19.963600 11.259900 5.664560 -0.339677 0.113259 2.639530 -7.696310 -164.388000 -145.580002 -25.506201 -48.348499 -77.633797 -5.797340 31.986099 -268.058990 -158.304993 64.794098 40.250099 26.361799 16.112400 8.836330 4.323890 -0.266899 0.027009 1.750060 -2.399430 -47.134800 -43.500801 -31.521500 -50.220901 -75.413803 -65.536201 -70.842300 -175.388000 208.266006 258.489990 41.166500 24.753500 12.040400 5.670260 2.614010 -0.167328 -0.025078 0.853843 0.002731 -4.729080 -15.203700 -30.853201 -48.630402 -65.547798 -66.656799 -77.422600 -159.832001 16.360100 71.654404 26.093100 18.889700 7.859340 3.077220 1.258880 -0.081823 -0.052129 0.279895 -0.695341 -4.870450 -14.157600 -27.857000 -43.223598 -59.185200 -60.080299 -44.781399 -29.480700 -1.780500 14.990900 14.331400 8.711820 3.308090 1.197940 0.346555 -0.021328 -0.055823 0.031323 -0.850525 -4.278440 -11.650200 -22.296200 -33.764801 -42.353199 -42.929901 -34.296101 -20.359100 -5.263540 5.046430 6.085260 3.619810 1.046710 0.141093 -0.102396 0.010181 -0.043575 -0.013676 -0.642710 -3.042270 -8.043220 -15.086100 -22.448799 -27.259199 -27.656401 -23.263800 -15.619100 -7.014180 -0.601999 1.115460 0.780181 0.005799 -0.238134 -0.208218 0.017842 -0.030833 -0.032230 -0.445086 -1.991500 -5.138620 -9.502460 -13.996100 -16.803600 -17.010099 -14.496800 -10.070900 -4.975880 -1.056170 0.150731 0.132132 -0.196312 -0.261392 -0.186036 0.014818 -0.000304 -0.002419 0.000192 0.011381 0.054859 0.132682 0.227649 0.310341 0.315527 0.224868 0.095988 -0.003999 -0.050156 -0.053763 -0.036009 -0.015778 -0.004128 -0.000591 -0.000090)
(UseCyclicTransform "false")
(UseDirectionCosines "true")
