(BSplineTransformSplineOrder 3.000000)
(CompressResultImage "false")
(DefaultPixelValue 0.000000)
(Direction 1.000000 0.000000 0.000000 1.000000)
(FinalBSplineInterpolationOrder 3.000000)
(FixedImageDimension 2.000000)
(FixedInternalImagePixelType "float")
(GridDirection 1.000000 0.000000 0.000000 1.000000)
(GridIndex 0.000000 0.000000)
(GridOrigin -244.417007 -269.854004)
(GridSize 19.000000 16.000000)
(GridSpacing 149.488998 148.942993)
(HowToCombineTransforms "Compose")
(Index 0.000000 0.000000)
(InitialTransformParametersFileName 0.000000)
(MovingImageDimension 2.000000)
(MovingInternalImagePixelType "float")
(NumberOfParameters 608.000000)
(Origin 0.000000 0.000000)
(ResampleInterpolator "FinalBSplineInterpolator")
(Resampler "DefaultResampler")
(ResultImageFormat "nii")
(ResultImagePixelType "float")
(Size 2048.000000 1630.000000)
(Spacing 1.000000 1.000000)
(Transform "BSplineTransform")
(TransformParameters -0.028400 -0.124776 -0.149548 -0.137095 -0.115329 -0.099095 -0.077626 -0.016015 0.048982 0.095775 0.140450 0.206810 0.239756 0.160555 -0.000897 -0.118309 -0.112278 -0.076213 0.000112 -0.546495 -1.390560 -1.597790 -1.976360 -2.143330 -2.092720 -1.833380 -1.454720 -0.661618 0.732354 2.618380 4.696900 6.385790 7.063830 6.725970 5.398540 3.356800 1.785100 -0.147364 -1.231170 -3.480260 -3.985260 -4.449540 -4.496610 -4.248840 -3.616800 -2.462600 -0.535944 2.402750 6.424420 11.339100 15.388600 16.327900 13.809900 9.577800 5.415870 2.631050 -0.327786 -3.139870 -10.426100 -12.165400 -12.250400 -11.121800 -9.802220 -8.009880 -3.993380 1.564220 8.516060 17.673599 29.893000 39.561401 39.662201 28.017799 13.669300 5.679820 1.678300 -0.806462 -5.883970 -22.140200 -26.435600 -24.952000 -22.267099 -21.401600 -19.031200 -7.285780 7.863290 22.689800 37.979500 64.998199 95.422997 100.712997 50.524899 12.734500 3.230070 -1.360400 -1.594820 -8.470290 -38.421101 -49.230499 -46.551800 -32.674500 -38.745701 -34.868500 -11.493200 19.841600 46.439899 69.069298 107.344002 162.841003 140.255005 43.867901 1.713630 -4.012180 -6.375300 -2.340230 -9.874750 -53.938099 -77.846397 -83.674202 -45.752499 -42.014599 -23.040501 0.140673 41.735600 79.133102 113.802002 150.613007 190.880005 119.696999 19.120701 -20.233101 -14.416900 -11.614400 -2.660300 -9.881390 -51.248901 -70.791702 -75.725998 -55.626301 -40.804901 -23.048401 17.499001 75.957703 129.108994 201.317993 239.035995 190.154999 88.732697 8.788850 -21.723200 -15.136700 -11.479400 -2.419320 -8.213220 -37.993698 -49.135601 -51.630299 -45.548000 -36.252399 -24.645500 30.133900 113.084999 187.218994 239.835999 241.421005 176.802994 89.043198 24.358500 -6.317400 -8.291840 -7.477030 -1.909740 -5.548440 -22.963600 -29.192200 -32.118801 -29.860201 -21.586201 -4.350070 53.315102 119.802002 163.807999 199.830994 187.270004 139.720993 82.445297 35.884399 8.818990 -0.095005 -2.765810 -1.343570 -3.315930 -13.278800 -16.616899 -17.893900 -14.640600 -5.077360 14.208800 56.545300 89.030403 107.044998 133.369003 124.698997 92.754700 57.410500 27.990801 9.404690 1.419540 -1.107650 -0.784477 -1.605920 -6.474810 -7.918450 -7.755820 -4.040270 4.478440 18.944300 41.259499 61.179901 73.112503 79.958099 71.820000 52.722599 33.337898 17.165800 6.463850 1.263420 -0.372341 -0.365454 -0.530923 -2.191080 -2.499740 -1.728030 1.144030 6.705040 15.280700 27.312000 38.511200 44.825699 44.408001 36.816898 25.607201 15.951300 8.409680 3.421040 0.781472 -0.035024 -0.114553 -0.051136 -0.323384 -0.219929 0.561786 2.315590 5.252360 9.401940 14.783300 19.282400 21.090099 19.671600 15.240500 9.749670 5.686080 2.841750 1.117800 0.248679 0.007787 -0.006163 0.027076 0.019658 0.127889 0.604657 1.550550 3.060860 5.134630 7.787180 9.894070 10.537100 9.531050 7.097510 4.292560 2.378790 1.135500 0.432685 0.092433 0.010171 0.010772 -0.013589 -0.051347 -0.072259 -0.109400 -0.140149 -0.153773 -0.140635 -0.095997 -0.029025 0.047371 0.120007 0.173487 0.189881 0.158136 0.104760 0.050897 0.012992 -0.000019 -0.002525 0.040177 0.091956 0.112281 0.162560 0.296638 0.465772 0.552014 0.361044 0.045935 -0.231407 -0.415838 -0.435851 -0.338164 -0.236368 -0.294665 -0.374071 -0.327468 -0.212847 -0.000542 -0.796118 -1.187910 -0.450086 1.207410 4.123860 7.292130 9.084170 6.696800 2.994660 0.853806 1.244840 4.211260 8.146370 10.777000 11.472000 9.885890 6.441560 3.637430 -0.102049 -1.469860 -2.339320 -0.804082 2.968620 10.413000 18.907400 23.845501 17.457600 7.277630 0.896976 0.801941 7.872870 18.635599 27.270901 27.812700 21.406000 11.911300 6.074650 -0.300538 -2.341370 -3.504460 0.236808 9.940420 29.864000 53.129101 66.783798 48.117500 17.295300 -4.508470 -9.247570 7.471810 36.613602 62.602600 60.334400 38.655499 16.174400 6.132700 -0.922756 -2.802950 -3.448320 1.687890 14.670900 58.307499 120.271004 161.893997 110.897003 33.939499 -15.528000 -30.327900 5.534940 82.208702 158.160004 116.503998 44.814800 11.737100 0.821485 -1.537570 -3.109450 2.020220 11.310500 27.728500 81.597198 178.923996 256.792999 163.488998 34.150501 -49.936699 -76.640602 -17.098400 98.243797 149.421005 67.591797 -4.580950 -10.130800 -10.259000 -1.957700 -3.297670 13.855900 32.981499 80.453598 133.755005 147.669998 184.115005 134.138000 11.744200 -107.459000 -141.875000 -58.489498 31.261700 -12.121900 -84.452103 -100.351997 -44.266800 -23.259899 -2.125590 -2.512420 23.663000 52.154701 111.320000 141.992996 125.415001 121.418999 68.049698 -14.895100 -107.001999 -102.643997 -32.374699 16.048401 -49.486301 -97.054901 -96.552498 -47.346401 -25.278099 -2.278520 -0.802940 26.712200 50.894402 86.560097 100.376999 90.125801 63.066700 8.472540 -15.014100 7.667580 38.994099 43.028400 22.179600 -31.249201 -61.578499 -61.111099 -34.637001 -20.132299 -2.018410 0.913533 22.587099 37.223099 54.820099 59.051300 45.913200 19.448000 -24.283899 -27.464199 38.521999 64.455299 64.158096 40.267200 5.434730 -20.831800 -28.792000 -19.759199 -12.779500 -1.380670 1.123660 15.256300 23.716700 32.365601 31.419399 16.614799 -12.176600 -76.357300 -100.625999 -17.185200 21.829300 36.208000 29.866899 12.182300 -4.538210 -12.679300 -10.778700 -7.598080 -0.835019 0.761840 8.125860 12.032300 14.991200 11.521100 -0.908323 -22.158100 -60.071301 -73.331299 -34.576801 -5.068740 12.632500 16.947001 10.530400 1.681450 -4.141630 -4.779940 -3.684430 -0.407703 0.287590 3.034590 4.107220 3.847620 -0.237304 -8.517300 -19.667801 -32.051399 -34.655201 -23.831301 -9.283900 2.515900 7.859470 6.639650 3.021650 -0.097743 -1.203360 -1.138240 -0.136111 -0.015356 0.443543 0.348468 -0.813822 -3.857900 -8.612090 -14.067600 -18.675501 -19.414900 -15.314300 -8.824080 -2.296530 1.959730 2.611350 1.720950 0.624940 0.097631 -0.050322 -0.010668 -0.031663 0.020340 -0.164371 -0.982933 -2.726410 -5.183190 -7.732160 -9.329340 -9.389200 -7.785430 -4.949930 -1.723200 0.667207 1.209700 0.930696 0.464054 0.196873 0.085326 0.009838 0.021272 0.103874 0.153126 0.231458 0.318511 0.401442 0.457716 0.442409 0.425897 0.433911 0.395173 0.302354 0.182750 0.083069 0.006250 -0.041564 -0.056348 -0.043080 -0.003227)
(UseCyclicTransform "false")
(UseDirectionCosines "true")
