(BSplineTransformSplineOrder 3.000000)
(CompressResultImage "false")
(DefaultPixelValue 0.000000)
(Direction 1.000000 0.000000 0.000000 1.000000)
(FinalBSplineInterpolationOrder 3.000000)
(FixedImageDimension 2.000000)
(FixedInternalImagePixelType "float")
(GridDirection 1.000000 0.000000 0.000000 1.000000)
(GridIndex 0.000000 0.000000)
(GridOrigin -204.822006 -214.565002)
(GridSize 19.000000 15.000000)
(GridSpacing 133.811005 135.757004)
(HowToCombineTransforms "Compose")
(Index 0.000000 0.000000)
(InitialTransformParametersFileName 0.000000)
(MovingImageDimension 2.000000)
(MovingInternalImagePixelType "float")
(NumberOfParameters 570.000000)
(Origin 0.000000 0.000000)
(ResampleInterpolator "FinalBSplineInterpolator")
(Resampler "DefaultResampler")
(ResultImageFormat "nii")
(ResultImagePixelType "float")
(Size 2048.000000 1463.000000)
(Spacing 1.000000 1.000000)
(Transform "BSplineTransform")
(TransformParameters 0.025547 0.098755 0.125635 0.149332 0.149821 0.143785 0.147754 0.203402 0.169155 -0.015648 -0.225650 -0.421910 -0.393110 0.065694 1.063360 1.614070 1.365040 2.335300 1.887880 -0.096277 -0.927951 -1.545430 -2.533030 -3.615710 -4.521950 -4.812460 -3.945990 -1.801570 1.269930 4.275960 6.643950 6.378150 2.318210 1.243660 7.267560 17.739599 22.382799 13.007400 -0.604876 -3.201200 -4.675410 -6.776120 -8.544570 -9.719480 -9.923000 -9.081270 -5.900120 0.005417 7.233810 12.552300 11.219500 1.323000 -5.125120 8.400890 34.682598 36.134201 17.991199 -1.888350 -8.836270 -12.449800 -17.445999 -20.296801 -20.905701 -19.881599 -19.913200 -16.460699 -5.609290 14.751600 27.804001 22.291700 2.714390 -17.404100 3.292130 67.911400 50.840599 21.273399 -4.082040 -18.240101 -25.339701 -35.196201 -40.396099 -40.375900 -36.731800 -39.437698 -37.373901 -24.740499 15.236000 46.429501 27.568399 5.154330 -16.525000 -8.411830 45.721001 41.847698 19.801300 -6.705310 -30.752501 -43.376701 -61.455002 -69.144600 -64.200798 -50.061501 -62.714600 -72.454597 -60.771301 2.395480 20.905701 6.636380 -2.761620 -15.998400 -12.975200 7.163170 17.919300 15.072200 -8.817090 -44.159401 -64.935097 -98.079399 -109.431999 -89.824699 -25.205999 -71.004204 -117.043999 -104.476997 -24.436001 -30.559401 -38.049400 -38.887798 -43.471600 -33.602798 -11.658500 2.453870 9.749460 -9.969950 -52.531799 -80.010696 -136.360001 -131.350006 -80.534798 -16.947800 -89.712402 -153.160004 -170.044006 -75.271103 -61.675400 -87.900803 -104.581001 -97.044701 -49.912399 -19.662901 -6.957060 4.315530 -10.133200 -51.884201 -76.630997 -118.339996 -103.984001 -70.414398 -71.112999 -107.088997 -145.100998 -139.001007 -114.182999 -123.403999 -155.399002 -193.397003 -166.080002 -54.058201 -22.378201 -12.188000 0.351343 -9.270810 -41.683102 -56.774899 -74.052002 -68.177902 -53.390900 -60.861500 -67.151299 -84.353600 -87.266602 -121.922997 -164.733994 -213.988998 -277.848999 -192.354004 -72.233803 -34.459801 -15.430000 -1.090230 -6.365220 -27.469900 -36.363499 -45.342800 -42.907001 -34.581402 -30.566299 -37.905800 -54.323399 -76.440201 -107.278999 -148.451996 -198.705002 -223.302994 -161.410004 -78.190903 -32.965401 -13.912500 -0.705532 -3.344590 -14.853100 -19.680300 -24.261999 -22.429600 -16.337799 -11.279100 -17.217501 -31.567600 -50.956902 -73.563698 -102.458000 -129.464996 -113.554001 -85.805496 -51.899601 -22.029699 -9.453950 -0.081780 -1.376130 -6.681810 -8.912140 -10.700500 -9.491830 -6.498710 -4.373630 -7.705220 -16.024099 -27.866600 -41.447399 -55.035900 -60.961800 -50.591599 -36.326302 -21.836100 -9.834900 -4.378920 0.019287 -0.502132 -2.970770 -4.065930 -4.826520 -4.065550 -2.435540 -1.373970 -3.456390 -8.418870 -15.221600 -22.423500 -28.429501 -29.546700 -22.676800 -14.782200 -8.068340 -3.430370 -1.425630 0.007279 0.034917 0.111834 0.140963 0.181086 0.191993 0.147083 0.026898 -0.158034 -0.301646 -0.267453 0.054960 0.735629 1.392760 1.512580 1.677040 1.539930 0.924482 0.490934 -0.022806 0.010162 0.034648 0.043903 0.056081 0.064613 0.058544 0.020291 -0.092623 -0.200487 -0.223716 -0.098206 0.041461 0.374234 1.135030 1.891420 2.162250 1.685940 0.860383 -0.052516 -0.109332 -1.591780 -2.897590 -5.310680 -8.474590 -12.212300 -16.046101 -19.315300 -20.584299 -18.588900 -12.691900 -2.762720 9.733310 21.947100 28.551300 28.658199 23.410101 20.926100 7.904790 -0.353858 -3.148170 -5.401730 -9.493410 -14.701500 -20.703300 -26.723600 -31.674500 -33.815399 -30.940800 -20.817600 -2.860040 18.236500 34.961498 41.763302 38.795799 28.999100 29.825399 12.351300 -0.941842 -6.504110 -10.637100 -17.941799 -26.469601 -35.443699 -43.610199 -49.467602 -51.345200 -45.783298 -28.406300 4.733440 39.094601 55.815399 62.458801 58.850601 45.021999 43.664101 15.817600 -1.855230 -11.171300 -17.801800 -29.529200 -43.448502 -57.889599 -69.997704 -75.683197 -74.535301 -68.268501 -34.093899 36.014198 76.190903 79.469803 74.466904 70.751999 64.427002 49.646599 17.023600 -2.642520 -13.592600 -20.866301 -34.279999 -49.530602 -68.260101 -87.382797 -100.996002 -107.556999 -105.516998 -17.041901 82.876503 111.353996 91.834297 68.308800 54.166599 47.582802 40.922798 16.129400 -2.581720 -8.377990 -10.983300 -21.389200 -30.829300 -38.729000 -54.344799 -110.249001 -85.748001 -49.993099 50.318001 133.337006 115.224998 70.894699 36.760502 21.991600 19.813801 21.797800 12.859500 -2.051480 2.094740 9.789220 14.449100 45.190701 86.172501 70.498299 -76.310303 -93.178596 -51.972599 65.127701 113.766998 74.324303 24.710100 13.064900 19.915300 2.170790 4.795900 7.656340 -1.174900 13.362300 31.960699 70.465302 133.192993 163.315994 158.007996 31.835400 -82.719498 -51.174301 4.270810 30.198601 11.913600 -31.436600 -27.049400 24.531000 -4.294510 -6.107230 2.378510 -0.170530 20.356501 41.156700 78.988701 126.192001 165.119995 180.507004 127.375999 33.690399 20.803200 -3.693810 -12.924600 -27.692400 -63.637501 -55.834202 -10.676000 -11.875400 -10.522700 -1.011390 0.334950 18.379900 34.793701 62.742298 97.046700 127.351997 137.822998 98.955704 46.306801 15.293200 1.162840 6.559400 9.798980 -17.660900 -23.643801 -16.261299 -10.029700 -7.734430 -1.344390 0.484365 13.019600 23.620501 40.836800 61.404202 79.481796 86.161697 67.546097 40.954601 23.351900 19.410200 34.445702 58.835400 45.098499 15.247800 0.905463 -1.530760 -2.328930 -0.795214 0.425227 8.058040 14.249600 24.164000 35.855999 46.420502 51.320400 43.350899 31.293100 24.104500 24.724100 36.468399 48.426800 42.635502 27.296700 13.398100 5.456980 1.696620 -0.581809 0.300134 4.828590 8.432660 14.184600 20.914400 27.036800 30.107000 26.287800 20.642700 18.117701 20.097500 27.181299 32.945999 29.256001 20.977900 12.261400 6.016460 2.588620 -0.396252 -0.003264 -0.015727 -0.030908 -0.069410 -0.124099 -0.150567 -0.064766 0.210334 0.926889 2.148360 3.632530 4.708910 4.960990 4.310540 3.479910 2.535140 1.488850 0.788492 -0.027311)
(UseCyclicTransform "false")
(UseDirectionCosines "true")
