(BSplineTransformSplineOrder 3.000000)
(CompressResultImage "false")
(DefaultPixelValue 0.000000)
(Direction 1.000000 0.000000 0.000000 1.000000)
(FinalBSplineInterpolationOrder 3.000000)
(FixedImageDimension 2.000000)
(FixedInternalImagePixelType "float")
(GridDirection 1.000000 0.000000 0.000000 1.000000)
(GridIndex 0.000000 0.000000)
(GridOrigin -156.951004 -216.925995)
(GridSize 19.000000 17.000000)
(GridSpacing 131.119003 132.242004)
(HowToCombineTransforms "Compose")
(Index 0.000000 0.000000)
(InitialTransformParametersFileName 0.000000)
(MovingImageDimension 2.000000)
(MovingInternalImagePixelType "float")
(NumberOfParameters 646.000000)
(Origin 0.000000 0.000000)
(ResampleInterpolator "FinalBSplineInterpolator")
(Resampler "DefaultResampler")
(ResultImageFormat "nii")
(ResultImagePixelType "float")
(Size 2048.000000 1678.000000)
(Spacing 1.000000 1.000000)
(Transform "BSplineTransform")
(TransformParameters 0.001142 -0.002266 0.004695 0.033812 0.100994 0.131200 0.043133 -0.135979 -0.255143 -0.268172 -0.336747 -0.351171 -0.293199 -0.198627 -0.105557 -0.038185 -0.005146 0.001992 -0.000951 -0.000555 0.014796 0.042715 0.125244 0.357537 1.003900 2.153620 3.423050 3.892710 3.235400 2.743700 2.192510 1.576800 0.975716 0.494316 0.177584 0.024928 -0.008234 0.004016 -0.004570 0.032738 0.066642 0.167435 0.483656 2.171580 3.526460 4.034450 8.806920 7.091610 5.700250 4.582810 3.393820 2.148990 1.108440 0.402533 0.058243 -0.017481 0.009110 -0.008624 0.049021 0.074889 0.142432 0.315249 2.335870 6.094520 13.575400 20.889000 13.942500 12.261700 10.280700 7.342160 4.537330 2.281800 0.813216 0.113533 -0.037666 0.018795 -0.011654 0.055431 0.048338 -0.013511 -0.328701 0.666702 4.813340 17.244900 28.199200 23.486799 24.315500 20.295900 13.243900 7.947740 3.910850 1.370800 0.188471 -0.064668 0.031956 -0.014443 0.050744 -0.019403 -0.329312 -1.447230 -2.677470 -2.347200 -1.804000 7.982370 33.897598 42.018902 33.864300 20.061800 11.790100 5.747460 1.999110 0.282869 -0.087788 0.046037 -0.019906 0.040706 -0.122987 -0.775327 -2.755700 -5.689230 -7.396770 -17.068899 -22.750900 61.934200 77.527000 50.093899 26.154900 15.130600 7.402150 2.585220 0.396816 -0.090696 0.057120 -0.028615 0.030549 -0.252666 -1.351100 -4.263350 -8.501650 -11.554500 -19.660999 -12.947100 66.459000 83.083900 50.970299 27.472601 16.486000 8.266070 2.938630 0.524543 -0.050989 0.058829 -0.038553 0.022952 -0.382218 -1.966250 -5.766150 -11.214100 -16.062799 -19.463200 -9.057700 17.152901 35.223701 33.887798 23.823700 15.695100 8.191190 3.009860 0.663385 0.037427 0.048759 -0.044913 0.016553 -0.466984 -2.415340 -6.711130 -13.403800 -21.346399 -32.670399 -32.144901 -13.430000 14.983600 23.934999 19.966700 14.230000 7.701470 2.953620 0.814634 0.154294 0.031361 -0.044769 0.011723 -0.480725 -2.487880 -6.777680 -13.754800 -22.927000 -44.368900 -58.477600 -36.944599 28.612101 33.245098 25.261600 15.027900 7.300940 2.967790 0.954010 0.272656 0.011114 -0.038615 0.008341 -0.429008 -2.192690 -5.978890 -12.008200 -19.433901 -29.156900 -29.432199 -25.449800 19.173599 49.352901 34.714901 15.059200 6.642630 2.926470 1.025040 0.354042 -0.003219 -0.029357 0.006091 -0.339376 -1.693320 -4.605370 -8.813450 -12.696300 -10.717900 8.991200 21.281300 -15.238100 -3.194820 17.445200 9.332030 5.051340 2.550870 0.965597 0.363877 -0.004090 -0.019240 0.004169 -0.232333 -1.131160 -3.059200 -5.556040 -6.995330 -1.536860 28.526800 47.909599 -29.968100 -38.934101 0.832011 3.737150 3.197390 1.927120 0.775535 0.309494 -0.001957 -0.010402 0.002542 -0.130735 -0.626015 -1.682830 -2.947950 -3.412370 0.155446 7.577340 10.472500 -7.731580 -10.756200 -2.622710 0.547298 1.579600 1.173620 0.501979 0.212406 -0.001259 -0.004731 0.001461 -0.059753 -0.289485 -0.786772 -1.415360 -1.851470 -1.179330 -0.414039 -0.654436 -2.833370 -2.839230 -0.940025 0.149257 0.612426 0.540723 0.253737 0.118423 -0.003017 0.000828 0.000150 0.008699 0.041451 0.104185 0.171795 0.176888 -0.056401 -0.480117 -0.795641 -0.335894 -0.207828 -0.403920 -0.326668 -0.177785 -0.048962 -0.004174 0.005747 -0.001405 0.002879 -0.076151 -0.189324 -0.430828 -0.992440 -1.723760 -2.274180 -2.259610 -1.634560 -0.664797 0.093936 0.346288 0.240476 0.160483 0.083834 0.031323 0.002484 -0.002687 0.000991 0.009648 -0.185074 -0.470149 -1.124210 -2.709740 -5.777190 -10.004600 -11.062700 -8.788250 -5.610760 -3.740180 -2.421180 -1.413990 -0.742025 -0.331959 -0.112394 -0.014325 0.006050 -0.002141 0.011106 -0.178275 -0.454259 -1.192200 -2.723540 -7.238510 -21.811600 -37.823799 -16.102501 -7.922020 -6.806770 -5.349830 -3.245350 -1.827360 -0.854913 -0.294532 -0.035447 0.017697 -0.006409 0.005658 -0.142200 -0.401230 -1.135230 -2.579250 -5.964920 -23.675200 -35.475399 -2.594190 -11.302900 -13.137200 -10.504300 -5.802920 -3.035270 -1.359870 -0.485469 -0.051913 0.029858 -0.011228 -0.004695 -0.085339 -0.307069 -0.988743 -2.195710 -3.394160 -4.591200 11.857700 0.763274 -27.649300 -26.308201 -17.360399 -8.211560 -3.792050 -1.605560 -0.595797 -0.056799 0.035820 -0.014391 -0.013220 -0.031065 -0.188118 -0.858139 -1.620280 -2.652100 -5.888730 -20.020700 -46.818100 -64.989502 -46.528400 -23.815399 -9.492750 -3.767770 -1.521100 -0.586127 -0.054393 0.031011 -0.014416 -0.015228 0.009785 -0.099715 -0.669163 -1.372630 -2.586050 -6.744430 -25.386299 -57.532200 -98.085197 -56.225700 -19.793800 -7.138250 -2.531680 -1.014510 -0.410313 -0.048288 0.012447 -0.009112 -0.010613 0.020439 -0.043897 -0.403218 -0.996189 -2.113310 -5.117570 -15.473200 -24.929600 -28.573700 -18.192801 -9.716300 -3.785020 -1.346410 -0.556935 -0.242414 -0.063778 -0.018541 -0.001900 -0.001531 -0.000414 -0.008366 -0.055101 -0.172652 -0.506210 -1.049410 -2.079860 1.697300 15.715400 6.807120 0.286520 -0.239987 0.028117 0.104925 0.001012 -0.071571 -0.057523 0.007685 0.008696 -0.033234 0.023415 0.354850 0.939039 1.945020 3.838780 4.067900 8.918380 15.314000 5.261920 6.801510 6.272790 4.191470 2.259720 0.781904 0.029589 -0.097223 0.026315 0.016533 -0.056268 0.066365 0.779152 2.087260 4.868120 10.546300 13.806600 19.697701 11.224700 1.748020 24.617399 20.167999 12.985800 6.789080 2.395290 0.311367 -0.130358 0.058264 0.020295 -0.063388 0.113749 1.120580 3.011670 7.479770 17.172400 33.405602 52.409401 85.438301 82.711098 70.895203 40.389702 23.969000 12.265800 4.360910 0.682563 -0.148953 0.093404 0.019985 -0.060182 0.145778 1.272040 3.500040 8.911550 20.507000 41.251598 77.537300 130.162994 113.989998 84.231400 54.834702 32.091499 15.992200 5.757890 0.959124 -0.147141 0.114405 0.016854 -0.050126 0.150618 1.221460 3.418730 8.885330 20.212400 40.408699 53.246799 46.042500 66.681396 53.632999 52.728699 33.472198 16.905001 6.125520 1.061290 -0.130893 0.118123 0.012431 -0.037653 0.128033 0.997983 2.835860 7.474580 16.873800 33.620201 44.716599 43.953800 63.783001 57.259800 44.306801 28.645201 14.789600 5.409240 0.959241 -0.103229 0.103468 0.008680 -0.027675 0.094695 0.730109 2.109850 5.575440 12.741100 26.122000 39.608501 48.075901 50.979401 45.426102 33.944801 21.756599 11.312500 4.215680 0.751015 -0.074876 0.080709 0.001742 -0.006039 0.022446 0.170207 0.500081 1.356430 3.183990 6.752570 10.553200 13.021600 13.286100 11.621000 8.766780 5.672940 2.994840 1.138430 0.206545 -0.016930 0.021675)
(UseCyclicTransform "false")
(UseDirectionCosines "true")
