(BSplineTransformSplineOrder 3.000000)
(CompressResultImage "false")
(DefaultPixelValue 0.000000)
(Direction 1.000000 0.000000 0.000000 1.000000)
(FinalBSplineInterpolationOrder 3.000000)
(FixedImageDimension 2.000000)
(FixedInternalImagePixelType "float")
(GridDirection 1.000000 0.000000 0.000000 1.000000)
(GridIndex 0.000000 0.000000)
(GridOrigin -157.632996 -185.360992)
(GridSize 19.000000 15.000000)
(GridSpacing 130.873001 132.455002)
(HowToCombineTransforms "Compose")
(Index 0.000000 0.000000)
(InitialTransformParametersFileName 0.000000)
(MovingImageDimension 2.000000)
(MovingInternalImagePixelType "float")
(NumberOfParameters 570.000000)
(Origin 0.000000 0.000000)
(ResampleInterpolator "FinalBSplineInterpolator")
(Resampler "DefaultResampler")
(ResultImageFormat "nii")
(ResultImagePixelType "float")
(Size 2048.000000 1484.000000)
(Spacing 1.000000 1.000000)
(Transform "BSplineTransform")
(TransformParameters -0.113862 -1.385140 -2.130850 -2.804440 -2.800600 -2.476680 -2.146780 -0.069964 1.872420 2.328700 1.665070 0.807704 0.305387 0.282660 0.456749 0.890848 1.350850 1.147580 0.204500 -0.453740 -5.939750 -10.407900 -18.160400 -22.811300 -20.929300 -11.415900 2.956690 16.777201 16.418200 3.598020 -9.916930 -14.049500 -1.823850 10.733600 15.102000 9.774810 6.273140 0.767586 -0.538426 -7.862850 -14.831200 -29.959299 -43.988800 -42.057598 -16.612499 -2.111800 31.433001 30.634199 2.945900 -22.352699 -34.057598 -4.979780 27.011801 31.122400 15.669900 9.023440 0.859030 -0.563726 -8.780640 -16.865601 -36.519402 -56.737701 -50.815800 -7.422380 3.872740 11.654700 16.189199 -3.394140 -32.192200 -56.254299 -7.258080 49.093300 46.415199 19.214001 10.558500 0.884391 -0.492322 -7.237500 -13.455000 -26.125999 -34.516701 -28.688801 -5.816170 4.841870 4.448600 2.425350 -6.849990 -24.907101 -34.443298 -2.957930 27.067699 31.071800 15.586700 8.836910 0.792460 -0.375256 -4.413270 -7.365450 -11.918000 -13.496200 -10.686400 -4.392450 -1.088770 -0.890599 -2.961420 -6.381250 -10.421100 -9.800170 0.509312 9.330510 12.018900 8.213230 5.360990 0.634306 -0.248240 -2.438320 -3.856330 -5.768910 -6.192840 -5.123840 -3.561680 -4.169470 -6.140450 -7.868990 -7.786520 -4.925230 -0.341824 3.751490 6.139460 6.375260 4.756070 3.200320 0.404370 -0.138954 -1.126080 -1.723840 -2.536960 -2.786450 -2.906550 -3.934330 -7.465670 -13.221500 -18.491600 -19.032101 -6.817020 6.383070 7.624910 5.997510 4.179910 3.083860 1.977030 0.201213 -0.063746 -0.412960 -0.637500 -1.066430 -1.344280 -2.119590 -4.767410 -10.692000 -21.896200 -34.485500 -36.271301 -1.379490 16.709101 11.727200 7.135910 4.134630 2.816800 1.641300 0.061884 -0.025786 -0.113076 -0.205909 -0.545137 -0.863631 -1.886890 -5.344220 -12.667600 -28.571400 -50.304798 -29.820900 17.950600 20.193899 14.418500 9.474610 6.082670 3.665720 1.985010 -0.003363 -0.008729 -0.003867 -0.043710 -0.296563 -0.597489 -1.568840 -4.553730 -10.920800 -22.907101 -37.304798 -19.442499 2.178160 4.854600 15.170100 16.104500 11.156600 5.624910 2.750070 0.000152 -0.002915 0.015959 -0.004668 -0.171401 -0.417880 -1.195990 -3.295260 -7.817660 -14.407000 -20.521799 -18.558500 -23.695299 -24.160601 21.253901 26.484400 15.977400 7.290790 3.302700 0.041475 -0.001242 0.006898 -0.007714 -0.106567 -0.280810 -0.819463 -2.153230 -4.963110 -8.720920 -13.767400 -20.129101 -39.164902 -46.536701 29.914900 32.027699 16.783899 7.356880 3.208340 0.071521 -0.000423 0.000239 -0.009859 -0.063319 -0.176783 -0.529293 -1.389530 -3.098690 -5.735430 -9.698170 -14.945400 -23.274300 -21.233000 11.020100 18.242800 12.907600 6.068010 2.847320 0.040045 0.000644 -0.002100 -0.001720 0.004699 0.005282 -0.036672 -0.191907 -0.485692 -1.285570 -2.557960 -3.609320 -3.775860 -2.620800 -0.222219 2.453670 3.383020 1.940440 1.064010 0.002693 0.026148 -1.552170 -3.300800 -6.625010 -10.618800 -14.982100 -19.010201 -20.841900 -18.456301 -12.841400 -9.220700 -8.333110 -8.642540 -7.600810 -7.245210 -6.161160 -3.601980 -1.936590 -0.002424 0.043744 -0.941053 -3.574850 -11.426100 -24.660500 -39.721699 -50.791100 -50.850700 -38.127998 -18.993999 -12.020900 -17.533100 -29.459999 -37.983898 -31.144300 -16.990700 -5.747840 -1.722300 0.106519 -0.029004 0.364264 -1.428310 -9.702600 -27.709000 -50.274601 -68.876801 -71.664497 -40.803200 -10.024900 -5.695040 -17.605101 -42.340698 -65.284599 -52.140099 -21.667601 -4.456210 -0.169367 0.080535 -0.025604 1.763040 2.679950 2.867110 13.519400 28.174500 26.891600 7.741960 11.815700 9.187360 2.897010 -1.340460 -0.596073 3.222280 -7.488130 -5.933010 1.089670 1.783400 0.148078 -0.011458 2.694980 5.605190 11.505900 26.514700 45.163799 56.473000 43.058201 26.413500 13.693000 7.540940 12.043400 29.928301 43.419498 29.527300 12.648800 6.495720 3.527530 0.160007 -0.005327 2.901950 6.019780 12.041600 20.040501 27.198099 29.573700 22.131500 11.850600 5.493210 4.956440 13.361500 25.121401 30.468201 26.266399 17.205601 8.726110 4.381660 0.107138 0.006614 2.411660 4.760180 8.948370 13.832500 17.597401 17.897301 11.932200 3.537030 -2.390350 -2.576270 7.605470 20.296101 22.844801 19.635700 13.529300 7.394670 3.869380 0.070363 0.015375 1.584920 2.928280 5.012190 7.168330 8.493520 7.666790 3.452100 -4.731670 -14.291100 -22.350100 -3.381580 24.428200 18.356400 12.638300 8.129560 4.917540 2.711720 0.035369 0.014371 0.756087 1.310730 2.028860 2.744080 2.975530 1.820930 -1.313970 -8.743820 -20.394501 -37.674500 -12.361300 27.608900 15.701500 7.509400 3.678580 2.520740 1.462690 0.002137 0.002951 0.182637 0.318014 0.478139 0.624455 0.487164 -0.378971 -2.491300 -5.766780 -11.591400 -17.586399 0.559545 10.779000 5.420880 1.586790 0.511169 0.770243 0.545301 -0.023217 0.000369 -0.000512 0.000914 0.007363 -0.005331 -0.084918 -0.130051 -0.642149 1.789190 9.719090 23.857500 6.582880 -15.445000 -18.431200 -10.679100 -2.715550 -0.556653 0.103212 -0.002236 0.000733 -0.007096 -0.011498 0.003442 -0.000069 0.088735 0.648260 1.454890 6.067470 13.941700 19.658600 0.360241 -35.810101 -32.277302 -10.809900 -1.764120 -0.283209 0.178944 0.014253 0.000176 0.003935 0.010129 0.041775 0.076390 0.259640 0.879649 2.128980 4.789570 8.088230 9.627760 3.100990 2.994480 16.771999 6.894720 3.203050 1.408920 0.607468 -0.002391 -0.000595 0.001824 0.005101 0.016993 0.057682 0.222465 0.667655 1.664340 3.283090 5.798240 9.350240 17.070000 31.478701 33.898800 18.078300 7.697740 3.032190 1.070340 -0.044426 -0.000960 0.001158 0.000760 -0.010423 0.001905 0.047157 0.138802 0.347315 0.863085 2.321590 5.475450 12.249100 18.296400 17.161200 11.852400 6.164000 2.786910 1.166680 -0.059184)
(UseCyclicTransform "false")
(UseDirectionCosines "true")
