(BSplineTransformSplineOrder 3.000000)
(CompressResultImage "false")
(DefaultPixelValue 0.000000)
(Direction 1.000000 0.000000 0.000000 1.000000)
(FinalBSplineInterpolationOrder 3.000000)
(FixedImageDimension 2.000000)
(FixedInternalImagePixelType "float")
(GridDirection 1.000000 0.000000 0.000000 1.000000)
(GridIndex 0.000000 0.000000)
(GridOrigin -123.834999 -79.675400)
(GridSize 19.000000 18.000000)
(GridSpacing 128.766006 121.910004)
(HowToCombineTransforms "Compose")
(Index 0.000000 0.000000)
(InitialTransformParametersFileName 0.000000)
(MovingImageDimension 2.000000)
(MovingInternalImagePixelType "float")
(NumberOfParameters 684.000000)
(Origin 0.000000 0.000000)
(ResampleInterpolator "FinalBSplineInterpolator")
(Resampler "DefaultResampler")
(ResultImageFormat "nii")
(ResultImagePixelType "float")
(Size 2048.000000 1808.000000)
(Spacing 1.000000 1.000000)
(Transform "BSplineTransform")
(TransformParameters -0.000000 -0.000001 -0.000005 -0.000021 -0.000051 -0.000090 -0.000127 -0.000140 -0.000131 -0.000106 -0.000073 -0.000040 -0.000015 -0.000004 -0.000001 -0.000001 -0.000001 -0.000001 -0.000000 0.000000 0.000000 0.000002 0.000009 0.000022 0.000039 0.000053 0.000056 0.000052 0.000042 0.000031 0.000018 0.000007 0.000003 0.000001 0.000001 0.000001 0.000000 0.000000 0.000003 0.000011 0.000065 0.000253 0.000624 0.001117 0.001590 0.001798 0.001727 0.001433 0.001004 0.000553 0.000206 0.000056 0.000010 0.000008 0.000007 0.000006 0.000001 0.000012 0.000036 0.000237 0.000946 0.002307 0.004117 0.005903 0.006863 0.006886 0.006056 0.004550 0.002684 0.001079 0.000341 0.000070 0.000016 -0.000003 -0.000005 -0.000003 0.000032 0.000094 0.000628 0.002510 0.006222 0.011312 0.016557 0.019900 0.020502 0.018271 0.013882 0.008474 0.003813 0.001479 0.000472 0.000140 -0.000000 -0.000025 -0.000008 0.000070 0.000185 0.001337 0.005459 0.013815 0.025907 0.039566 0.051167 0.056371 0.053056 0.042717 0.028447 0.015144 0.007302 0.002998 0.000930 -0.000012 -0.000187 -0.000031 0.000138 0.000263 0.002421 0.010440 0.026991 0.052751 0.085645 0.122301 0.146662 0.147853 0.127191 0.091204 0.053582 0.028419 0.012548 0.003820 -0.000203 -0.000934 -0.000135 0.000238 0.000298 0.003840 0.017473 0.045793 0.092256 0.156530 0.238376 0.300253 0.314148 0.279308 0.206810 0.125947 0.068863 0.031010 0.009345 -0.000650 -0.002449 -0.000350 0.000408 0.000031 0.005438 0.027807 0.074184 0.156890 0.285113 0.475209 0.637048 0.696793 0.642390 0.490016 0.306499 0.171179 0.077914 0.023054 -0.002216 -0.006675 -0.000974 0.000673 -0.000793 0.006961 0.042121 0.114622 0.255889 0.498207 0.897973 1.262110 1.423820 1.343680 1.042780 0.661091 0.373048 0.170525 0.049819 -0.005711 -0.015371 -0.002281 0.000980 -0.002000 0.008091 0.057423 0.158689 0.368685 0.751546 1.418830 2.045350 2.343480 2.236270 1.748790 1.114670 0.631562 0.289098 0.083911 -0.010436 -0.026720 -0.004003 0.001191 -0.002997 0.008463 0.067196 0.187496 0.446018 0.932416 1.802470 2.629860 3.033880 2.908210 2.280210 1.455150 0.825289 0.377795 0.109278 -0.014211 -0.035418 -0.005338 0.001215 -0.003351 0.007916 0.067182 0.188568 0.454406 0.962346 1.882100 2.760960 3.193520 3.065470 2.404190 1.533270 0.869246 0.397674 0.114744 -0.015439 -0.037699 -0.005713 0.001072 -0.003108 0.006626 0.058569 0.165115 0.400626 0.853736 1.678580 2.467860 2.856910 2.743450 2.152280 1.373050 0.778468 0.355981 0.102404 -0.014242 -0.034119 -0.005209 0.000817 -0.002437 0.004912 0.044376 0.125549 0.305503 0.652230 1.284080 1.888240 2.185300 2.098120 1.646710 1.051750 0.596598 0.272724 0.078164 -0.011257 -0.026449 -0.004075 0.000524 -0.001584 0.003113 0.028369 0.080500 0.195929 0.417879 0.821672 1.206970 1.395530 1.339200 1.051740 0.673017 0.382112 0.174647 0.049851 -0.007431 -0.017138 -0.002666 0.000328 -0.001003 0.001926 0.017714 0.050354 0.122701 0.261855 0.515060 0.756574 0.874645 0.839333 0.659451 0.422388 0.239940 0.109676 0.031264 -0.004710 -0.010803 -0.001685 -0.000008 0.000022 -0.000049 -0.000430 -0.001208 -0.002925 -0.006232 -0.012262 -0.018034 -0.020878 -0.020035 -0.015679 -0.009957 -0.005629 -0.002571 -0.000741 0.000102 0.000246 0.000037 0.000001 0.000004 0.000018 0.000064 0.000152 0.000242 0.000269 0.000123 -0.000097 -0.000288 -0.000403 -0.000420 -0.000353 -0.000241 -0.000130 -0.000049 -0.000008 0.000001 -0.000002 -0.000000 -0.000002 -0.000008 -0.000028 -0.000066 -0.000104 -0.000108 -0.000022 0.000104 0.000212 0.000272 0.000269 0.000216 0.000144 0.000077 0.000029 0.000005 -0.000000 0.000001 -0.000011 -0.000041 -0.000223 -0.000839 -0.002000 -0.003359 -0.004268 -0.003626 -0.002099 -0.000458 0.000931 0.001794 0.001981 0.001510 0.000858 0.000322 0.000053 -0.000007 0.000012 -0.000044 -0.000126 -0.000852 -0.003432 -0.008487 -0.015481 -0.022880 -0.028110 -0.029742 -0.027317 -0.021534 -0.013829 -0.006827 -0.003055 -0.001204 -0.000434 -0.000079 -0.000005 -0.000010 -0.000122 -0.000317 -0.002255 -0.009218 -0.022598 -0.041062 -0.060857 -0.075702 -0.081682 -0.076950 -0.062348 -0.040925 -0.020499 -0.009357 -0.003736 -0.001323 -0.000218 0.000001 -0.000040 -0.000295 -0.000538 -0.004901 -0.021237 -0.052292 -0.097559 -0.152316 -0.208905 -0.247143 -0.251489 -0.218919 -0.155183 -0.086713 -0.044631 -0.019835 -0.007052 -0.001040 0.000129 -0.000276 -0.000685 -0.000391 -0.009452 -0.046003 -0.116131 -0.230971 -0.397199 -0.627493 -0.821978 -0.894807 -0.823030 -0.619325 -0.376305 -0.208828 -0.098480 -0.035411 -0.005226 0.000770 -0.001421 -0.001327 0.000316 -0.015974 -0.085296 -0.220088 -0.457864 -0.833579 -1.409810 -1.922530 -2.141230 -2.003880 -1.537060 -0.958992 -0.543580 -0.260332 -0.093899 -0.013924 0.002086 -0.003774 -0.002668 0.003516 -0.026022 -0.162286 -0.433515 -0.961684 -1.880160 -3.423490 -4.852590 -5.515980 -5.239860 -4.086070 -2.607410 -1.503990 -0.729650 -0.264290 -0.039650 0.005780 -0.010506 -0.005098 0.011016 -0.040606 -0.296451 -0.815332 -1.902020 -3.908630 -7.450720 -10.796000 -12.409800 -11.882400 -9.343470 -6.027260 -3.505550 -1.711180 -0.621328 -0.093867 0.013389 -0.024506 -0.008112 0.021247 -0.056666 -0.459823 -1.285410 -3.081830 -6.495930 -12.655900 -18.524401 -21.402399 -20.565100 -16.225500 -10.509200 -6.131530 -3.000100 -1.090550 -0.165266 0.023308 -0.042854 -0.010344 0.029337 -0.067193 -0.578377 -1.628010 -3.956310 -8.446040 -16.634600 -24.474300 -28.356001 -27.295200 -21.556299 -13.967900 -8.153640 -3.991530 -1.451800 -0.220259 0.030865 -0.056954 -0.010829 0.031775 -0.067616 -0.600678 -1.694240 -4.145340 -8.911690 -17.659100 -26.063900 -30.255800 -29.156500 -23.026501 -14.904100 -8.695150 -4.255490 -1.548380 -0.235008 0.032764 -0.060697 -0.009689 0.028990 -0.059319 -0.535775 -1.513980 -3.716700 -8.014440 -15.920400 -23.527000 -27.332500 -26.356400 -20.828100 -13.490700 -7.874580 -3.855140 -1.402840 -0.213147 0.029547 -0.054965 -0.007443 0.022533 -0.045248 -0.411525 -1.165230 -2.864010 -6.178730 -12.275600 -18.140600 -21.075899 -20.330799 -16.085199 -10.440900 -6.102850 -2.990170 -1.087970 -0.165580 0.022804 -0.042615 -0.004785 0.014593 -0.029130 -0.265079 -0.752293 -1.848690 -3.983350 -7.902310 -11.667500 -13.548900 -13.072100 -10.358700 -6.745510 -3.950860 -1.938040 -0.704974 -0.107510 0.014706 -0.027608 -0.003003 0.009208 -0.018245 -0.166432 -0.472869 -1.162380 -2.504160 -4.966350 -7.330980 -8.511890 -8.213130 -6.512440 -4.246300 -2.489080 -1.221550 -0.444304 -0.067806 0.009254 -0.017399 0.000071 -0.000209 0.000435 0.003917 0.011022 0.027099 0.058643 0.116923 0.173220 0.201619 0.194577 0.153529 0.099027 0.057654 0.028186 0.010263 0.001558 -0.000217 0.000400)
(UseCyclicTransform "false")
(UseDirectionCosines "true")
