(BSplineTransformSplineOrder 3.000000)
(CompressResultImage "false")
(DefaultPixelValue 0.000000)
(Direction 1.000000 0.000000 0.000000 1.000000)
(FinalBSplineInterpolationOrder 3.000000)
(FixedImageDimension 2.000000)
(FixedInternalImagePixelType "float")
(GridDirection 1.000000 0.000000 0.000000 1.000000)
(GridIndex 0.000000 0.000000)
(GridOrigin -139.667007 -359.394012)
(GridSize 19.000000 18.000000)
(GridSpacing 127.996002 136.763000)
(HowToCombineTransforms "Compose")
(Index 0.000000 0.000000)
(InitialTransformParametersFileName 0.000000)
(MovingImageDimension 2.000000)
(MovingInternalImagePixelType "float")
(NumberOfParameters 684.000000)
(Origin 0.000000 0.000000)
(ResampleInterpolator "FinalBSplineInterpolator")
(Resampler "DefaultResampler")
(ResultImageFormat "nii")
(ResultImagePixelType "float")
(Size 2048.000000 1811.000000)
(Spacing 1.000000 1.000000)
(Transform "BSplineTransform")
(TransformParameters -0.000003 0.000224 0.000341 0.000350 0.000125 -0.000479 -0.001590 -0.003405 -0.005110 -0.005968 -0.005737 -0.004502 -0.002994 -0.002103 -0.001532 -0.001146 -0.000814 -0.000655 -0.000231 -0.000007 0.000751 0.002071 0.005502 0.011356 0.018597 0.025071 0.027217 0.025581 0.021336 0.015338 0.008827 0.003646 0.001401 0.000664 0.000547 0.000439 0.000368 0.000118 0.000065 -0.000665 0.000499 0.006137 0.018407 0.036750 0.058192 0.077599 0.088334 0.086798 0.074596 0.055402 0.036146 0.023678 0.015813 0.010983 0.007530 0.005964 0.002103 0.000467 -0.000181 0.004180 0.021864 0.060174 0.116508 0.179745 0.230880 0.252667 0.239445 0.201499 0.154971 0.110135 0.071751 0.043166 0.024760 0.014559 0.010857 0.004101 0.001082 -0.006839 -0.003354 0.024925 0.097511 0.213661 0.354837 0.488076 0.558057 0.543178 0.477159 0.387992 0.292271 0.197551 0.124125 0.075538 0.047021 0.035758 0.013069 0.001582 -0.030404 -0.040343 -0.017180 0.079821 0.263728 0.521760 0.825742 1.033090 1.068470 0.991422 0.832533 0.636098 0.443367 0.294747 0.194496 0.129261 0.100784 0.035855 0.001289 -0.077684 -0.119358 -0.128123 -0.033634 0.207826 0.611988 1.186880 1.652120 1.826500 1.768870 1.502870 1.141320 0.812955 0.563493 0.392284 0.270927 0.214460 0.075481 0.000279 -0.148061 -0.245660 -0.331218 -0.313200 -0.083020 0.467547 1.501080 2.489740 3.005190 3.004520 2.508380 1.812190 1.288440 0.914071 0.659090 0.464391 0.371265 0.130893 -0.003764 -0.225061 -0.381386 -0.553216 -0.640224 -0.469204 0.172090 1.630750 3.141120 4.017620 4.089270 3.367300 2.347020 1.663850 1.198550 0.883929 0.629937 0.507309 0.180095 -0.012988 -0.284091 -0.470650 -0.683370 -0.821512 -0.699036 -0.073910 1.461290 3.089380 4.062830 4.179990 3.438300 2.377970 1.697440 1.243460 0.934181 0.672243 0.545507 0.195773 -0.024850 -0.307679 -0.486702 -0.682094 -0.789497 -0.669582 -0.145382 1.077270 2.365460 3.143760 3.251540 2.692630 1.888320 1.379020 1.035350 0.793016 0.578430 0.475070 0.173495 -0.032596 -0.284200 -0.428217 -0.574276 -0.626254 -0.505496 -0.121486 0.667200 1.479940 1.974200 2.050410 1.719470 1.240820 0.941743 0.734213 0.578199 0.429756 0.356643 0.131049 -0.031930 -0.219219 -0.317206 -0.411066 -0.431291 -0.338804 -0.092119 0.369972 0.839195 1.128370 1.179510 0.998692 0.736520 0.582186 0.475339 0.388426 0.294454 0.243731 0.086897 -0.024709 -0.141159 -0.196533 -0.246195 -0.247571 -0.185939 -0.048580 0.180021 0.405898 0.545503 0.571787 0.488124 0.368032 0.303026 0.258344 0.217999 0.167887 0.138338 0.047745 -0.014795 -0.071342 -0.095457 -0.115651 -0.111012 -0.077389 -0.012964 0.082284 0.172536 0.226752 0.234999 0.199315 0.150249 0.125327 0.108701 0.092927 0.071841 0.058723 0.019656 -0.006465 -0.025371 -0.032239 -0.037640 -0.033824 -0.019563 0.005076 0.038917 0.069211 0.085363 0.084523 0.068203 0.047466 0.035619 0.027968 0.022232 0.016368 0.013141 0.004406 -0.003572 -0.011393 -0.013415 -0.014590 -0.011580 -0.004810 0.004333 0.013125 0.019343 0.021582 0.019689 0.014493 0.008812 0.005788 0.004098 0.003036 0.002047 0.001473 0.000369 0.000143 0.000712 0.000970 0.001198 0.001143 0.000634 -0.000496 -0.002483 -0.004421 -0.005512 -0.005528 -0.004518 -0.003165 -0.002316 -0.001737 -0.001319 -0.000946 -0.000761 -0.000265 0.000311 -0.005764 -0.012511 -0.025639 -0.044880 -0.066757 -0.084246 -0.087591 -0.073797 -0.048572 -0.026753 -0.023004 -0.037444 -0.059307 -0.076118 -0.080448 -0.069247 -0.058626 -0.019491 -0.000387 0.023356 0.059360 0.147512 0.295787 0.485568 0.671092 0.782996 0.776859 0.653162 0.467287 0.288797 0.161509 0.098423 0.069805 0.054244 0.038449 0.030861 0.010643 -0.003151 0.092307 0.211847 0.477104 0.872421 1.368680 1.903430 2.352700 2.744700 2.990130 2.833220 2.108900 1.253840 0.921954 0.807784 0.755925 0.635440 0.535132 0.178227 -0.006944 0.256800 0.581947 1.319470 2.345180 3.692070 5.439950 7.499920 10.338700 13.217500 13.830700 10.479100 5.518820 3.049560 1.884350 1.475600 1.217650 1.024120 0.343609 -0.018991 0.608190 1.341400 2.961680 5.060000 7.817760 11.716000 16.901501 25.126301 34.331799 37.520000 28.877001 15.150700 8.614690 5.655740 4.672820 3.924010 3.306470 1.096400 -0.047016 1.211370 2.611510 5.579510 9.224650 13.892100 20.626900 30.020399 45.830700 64.238197 71.605202 55.853500 30.204000 18.969700 14.333600 12.831100 10.919800 9.199770 3.015820 -0.095146 2.044700 4.343000 9.023420 14.566800 21.380301 31.023701 44.813202 68.432999 96.253304 108.071999 85.433701 48.452000 33.921600 28.766399 27.081301 23.192801 19.524401 6.356410 -0.168183 3.050940 6.458620 13.104800 21.292900 30.911200 42.557201 56.356400 77.531799 101.440002 110.466003 88.966400 56.887402 48.641201 48.178398 47.829498 41.135201 34.466599 11.022400 -0.241161 3.771290 8.026080 16.100800 26.553900 38.495899 50.778900 61.315498 73.111397 84.331703 86.253304 71.867996 55.537399 58.709301 65.182999 66.710297 57.404400 47.929798 15.162100 -0.278701 3.686960 7.963170 16.030199 26.801701 39.008400 50.558300 58.378502 63.506599 65.985298 63.870800 55.841202 51.151402 60.990299 70.804802 72.930199 62.533798 52.125801 16.480101 -0.269585 2.821560 6.282810 12.905200 22.074100 32.701401 42.768200 49.334301 52.377602 52.335098 49.745800 45.479801 45.365002 55.078602 63.451698 64.576500 54.942001 45.773399 14.587500 -0.227643 1.746220 4.099550 8.737970 15.423000 23.497299 31.576200 37.590401 40.949001 41.641399 40.245201 37.746300 37.923599 44.170799 49.077702 48.788601 41.030899 34.160900 11.017000 -0.170796 0.931953 2.356800 5.264970 9.593070 15.052200 20.905800 26.075800 29.553699 30.855600 30.361000 28.823900 28.581400 31.675699 33.787899 32.712399 27.136200 22.538500 7.332140 -0.108819 0.385054 1.108190 2.661060 5.061890 8.263230 12.001400 15.902700 18.975599 20.531900 20.602301 19.540899 18.706301 19.407000 19.614700 18.331100 14.925100 12.340100 4.044900 -0.055720 0.102964 0.393437 1.067510 2.165530 3.738400 5.758810 8.198690 10.329600 11.557400 11.755000 11.023200 10.036900 9.548960 8.929850 7.895820 6.228750 5.092920 1.672680 -0.020805 0.001583 0.082091 0.299077 0.687909 1.304180 2.182400 3.379120 4.486730 5.149120 5.253970 4.813360 4.076930 3.373870 2.704140 2.089450 1.504260 1.176780 0.376542 -0.009239 -0.031785 -0.022934 0.033738 0.165685 0.421784 0.851090 1.529470 2.203780 2.637670 2.735570 2.477730 1.968390 1.380090 0.846069 0.449637 0.212805 0.124266 0.034102 0.000684 -0.003777 -0.009588 -0.021639 -0.039973 -0.064277 -0.092502 -0.121731 -0.143881 -0.153323 -0.150194 -0.137316 -0.124277 -0.120712 -0.115995 -0.104915 -0.083851 -0.068793 -0.022464)
(UseCyclicTransform "false")
(UseDirectionCosines "true")
