(BSplineTransformSplineOrder 3.000000)
(CompressResultImage "false")
(DefaultPixelValue 0.000000)
(Direction 1.000000 0.000000 0.000000 1.000000)
(FinalBSplineInterpolationOrder 3.000000)
(FixedImageDimension 2.000000)
(FixedInternalImagePixelType "float")
(GridDirection 1.000000 0.000000 0.000000 1.000000)
(GridIndex 0.000000 0.000000)
(GridOrigin -201.806000 -354.541992)
(GridSize 19.000000 11.000000)
(GridSpacing 133.462997 161.378006)
(HowToCombineTransforms "Compose")
(Index 0.000000 0.000000)
(InitialTransformParametersFileName 0.000000)
(MovingImageDimension 2.000000)
(MovingInternalImagePixelType "float")
(NumberOfParameters 418.000000)
(Origin 0.000000 0.000000)
(ResampleInterpolator "FinalBSplineInterpolator")
(Resampler "DefaultResampler")
(ResultImageFormat "nii")
(ResultImagePixelType "float")
(Size 2048.000000 990.000000)
(Spacing 1.000000 1.000000)
(Transform "BSplineTransform")
(TransformParameters 0.157129 0.198283 0.110618 0.051468 -0.015277 -0.025181 0.096945 0.371511 0.723507 1.035500 1.177220 1.065420 0.734082 0.305200 -0.022626 -0.237833 -0.351019 -0.398992 -0.198919 -1.175530 -1.510120 -0.889015 -0.413628 -0.183020 -0.735542 -2.528070 -5.924510 -9.350250 -11.235000 -10.789800 -7.839490 -3.741650 -0.459653 1.818750 3.110870 3.474110 3.451770 1.476380 -2.429260 -3.406540 -2.175380 -0.700677 0.030219 -1.119290 -4.822420 -11.805000 -19.420000 -24.392599 -24.071600 -17.143299 -7.517280 -1.113800 3.740510 6.703190 7.418480 7.209510 2.981280 -4.761080 -8.086990 -5.860750 -1.875500 0.973091 -0.356844 -7.490600 -20.613100 -36.265800 -48.293301 -49.172600 -34.182598 -13.186300 -1.630090 7.563970 14.007400 16.228300 15.406700 5.641660 -7.330180 -18.571600 -16.791401 1.003770 9.302020 3.931210 -9.009680 -29.271099 -59.444500 -90.576897 -99.291901 -62.482700 -18.191900 -11.687600 9.776750 30.575399 34.793499 29.485300 8.259820 -9.239790 -32.402199 -43.273300 11.596100 27.593500 10.367300 -8.818310 -34.479198 -79.841698 -136.811005 -171.369995 -93.892700 -18.962999 -38.119999 6.854700 61.841702 62.120499 45.893902 10.061500 -9.413250 -34.811901 -53.926201 17.424200 36.466801 12.339900 -7.071150 -31.483999 -73.233299 -125.744003 -153.615005 -68.265701 -8.945670 -62.043201 -23.994101 73.300499 84.479202 53.952900 10.697400 -8.348990 -24.943899 -26.247400 5.411990 18.220900 8.788920 -5.179720 -23.817400 -52.151199 -82.787300 -88.004799 -50.902599 -21.565100 -39.894901 -16.412800 35.601799 58.287899 44.582802 10.545700 -6.105220 -12.247300 -9.860200 -1.713790 3.889040 3.216380 -3.422790 -14.422100 -28.211399 -40.520000 -43.993999 -36.211399 -24.082800 -17.195499 -3.626880 13.420400 25.463699 25.073601 8.753440 -3.364990 -5.471360 -3.882070 -1.103940 1.053540 1.003220 -1.815790 -7.049990 -13.352500 -18.751499 -20.968399 -19.044600 -14.233200 -8.762980 -1.685610 5.710750 10.833200 11.915500 5.311580 -0.095987 0.150979 0.255498 0.023476 -0.145757 -0.097593 0.141602 0.404873 0.663247 0.784686 0.489240 -0.151592 -0.634687 -0.418551 -0.279196 -0.393623 -0.563118 -0.085293 0.428437 0.031668 0.164529 0.196899 0.193603 0.145458 0.039434 -0.137822 -0.389039 -0.450676 -0.233132 0.032306 0.192549 0.298386 0.495227 0.597892 0.587162 0.471851 0.354953 0.080011 -0.671074 -2.087550 -2.421950 -2.696210 -2.573520 -2.730370 -4.147330 -8.380370 -14.429600 -20.544001 -24.827499 -25.937500 -23.990700 -20.125999 -15.366200 -10.721900 -6.723480 -4.356500 -0.780051 -1.250620 -4.774350 -5.944990 -6.570440 -5.830700 -5.357160 -7.447880 -14.747200 -26.504400 -39.771801 -50.019901 -52.558899 -48.024799 -40.369499 -31.312300 -22.276800 -13.969500 -8.971960 -1.540340 -1.286750 -7.586540 -10.575100 -11.596000 -9.421370 -7.414930 -10.030700 -20.164000 -38.474098 -61.861401 -84.140602 -89.507500 -79.457901 -65.671700 -50.568100 -35.695999 -21.669001 -13.532500 -2.024570 0.345331 -11.315700 -21.418699 -24.922899 -16.530899 -7.736310 -9.923330 -20.879801 -43.238701 -76.130096 -118.111000 -133.283005 -110.473999 -87.333900 -70.067101 -51.728901 -29.865000 -16.754801 -1.307960 2.739270 -11.603900 -32.728802 -46.477001 -22.648100 -4.889320 -6.737580 -16.475700 -37.962002 -74.289902 -139.569000 -174.063004 -127.612999 -93.223297 -78.636703 -60.814201 -32.369999 -15.275300 0.208745 1.901790 6.594310 14.946700 14.432100 6.410110 4.432820 -0.881338 -8.652070 -21.348101 -41.908001 -86.373802 -103.167999 -58.812199 5.005770 48.215302 35.731998 4.500500 -0.138656 0.259182 1.713920 15.815100 28.286301 35.539902 22.377100 10.118900 3.308030 -1.993740 -7.728660 -16.981199 -37.955898 -41.832802 -16.361401 29.451000 67.391296 68.873703 28.957701 11.581000 0.649445 2.239150 12.581300 17.533400 19.921400 16.144699 9.514960 4.289200 1.327160 -1.447930 -5.807020 -11.793500 -13.005000 -4.136090 15.685500 32.844799 35.991100 23.094400 13.653000 1.416580 1.874740 7.465650 9.568790 10.807600 9.294340 6.227900 3.241910 1.545650 0.100835 -1.817210 -3.614160 -3.674430 0.334337 9.481520 17.370199 19.483299 14.650600 10.212500 1.871910 0.555587 1.217740 1.182130 1.306870 1.384870 1.297700 0.956959 0.915280 1.087140 1.385440 1.891160 2.328160 2.755400 3.351830 3.529300 3.586270 3.505450 3.056840 0.900585)
(UseCyclicTransform "false")
(UseDirectionCosines "true")
