(BSplineTransformSplineOrder 3.000000)
(CompressResultImage "false")
(DefaultPixelValue 0.000000)
(Direction 1.000000 0.000000 0.000000 1.000000)
(FinalBSplineInterpolationOrder 3.000000)
(FixedImageDimension 2.000000)
(FixedInternalImagePixelType "float")
(GridDirection 1.000000 0.000000 0.000000 1.000000)
(GridIndex 0.000000 0.000000)
(GridOrigin -142.473007 -176.945999)
(GridSize 19.000000 11.000000)
(GridSpacing 130.042999 131.488007)
(HowToCombineTransforms "Compose")
(Index 0.000000 0.000000)
(InitialTransformParametersFileName 0.000000)
(MovingImageDimension 2.000000)
(MovingInternalImagePixelType "float")
(NumberOfParameters 418.000000)
(Origin 0.000000 0.000000)
(ResampleInterpolator "FinalBSplineInterpolator")
(Resampler "DefaultResampler")
(ResultImageFormat "nii")
(ResultImagePixelType "float")
(Size 2048.000000 979.000000)
(Spacing 1.000000 1.000000)
(Transform "BSplineTransform")
(TransformParameters 0.004823 0.006035 0.078327 0.337824 0.913354 1.692620 2.413700 2.400090 2.525910 3.134300 3.255440 3.569200 3.611040 2.563960 1.383820 0.540557 0.204087 0.068997 -0.000334 0.018466 -0.083506 0.021977 0.592804 2.259860 5.054640 8.438270 12.042000 12.638300 10.441500 14.847400 18.434401 15.217300 9.602530 4.674940 1.708370 0.619455 0.198458 -0.000686 0.023570 -0.159117 -0.107735 0.421598 2.352000 6.074030 11.248600 20.994801 24.052799 5.738170 18.842899 32.931000 21.435801 12.683000 5.870290 2.114810 0.745943 0.233348 -0.000266 0.032964 -0.295517 -0.418155 -0.180320 1.047580 4.133780 9.631740 27.091900 39.123501 6.328780 23.179501 36.016201 25.400000 15.451100 7.263370 2.569490 0.888683 0.267320 0.002655 0.044662 -0.467120 -0.876356 -1.256810 -1.966690 -2.530560 -1.386920 12.424000 22.800800 15.948600 29.035801 34.132801 26.888100 16.859600 8.148180 2.890960 0.978887 0.284718 0.007176 0.054533 -0.631563 -1.357500 -2.530450 -5.696390 -11.752400 -20.254200 -14.176400 6.196690 16.317900 36.061199 34.978100 26.754601 17.090300 8.473930 3.092030 1.029470 0.295310 0.011160 0.052054 -0.710322 -1.636440 -3.460290 -8.064920 -17.483900 -34.055500 -34.218601 1.725810 6.197410 19.899401 24.683201 22.299700 15.366900 8.068870 3.057720 1.028120 0.296809 0.011989 0.037843 -0.652937 -1.581780 -3.584990 -8.331550 -17.225800 -29.660700 -30.351000 -20.617800 -21.309200 0.161115 15.645100 18.747101 13.543900 7.291890 2.906170 1.011240 0.309631 0.007689 0.017839 -0.471069 -1.197000 -2.869870 -6.537610 -12.281600 -19.314199 -24.085899 -31.396000 -48.994400 -16.897900 14.819400 17.101400 11.506400 6.163830 2.581720 0.948792 0.316901 0.000339 0.002037 -0.276913 -0.734994 -1.942760 -4.110830 -7.516810 -12.393100 -18.850201 -26.165400 -31.880100 -15.357200 8.443010 13.827400 9.518750 5.233110 2.252180 0.888318 0.319670 -0.005984 -0.005831 -0.015268 -0.082564 -0.368739 -0.740199 -1.424130 -2.800480 -5.723760 -8.362450 -8.755020 -5.674920 -0.452935 3.306510 3.027600 1.878450 0.861196 0.379674 0.151284 -0.005411 -0.001686 0.014780 0.007344 -0.098956 -0.283790 -1.050570 -3.131960 -7.785960 -12.982600 -16.671400 -18.096399 -15.356400 -10.189600 -6.044840 -2.925680 -1.016590 -0.150477 0.040850 -0.021709 0.000497 -0.033845 -0.097943 -0.401312 -0.666681 -2.065330 -6.491580 -16.496599 -29.714199 -41.727901 -48.059700 -37.795300 -22.361900 -12.665500 -5.964350 -2.052210 -0.224935 0.135841 -0.051131 0.003881 -0.089188 -0.193790 -0.555937 -0.703558 -1.823770 -5.950280 -13.552500 -24.688400 -43.830700 -51.110100 -37.432800 -20.758200 -11.485800 -5.410380 -1.900880 -0.143361 0.167685 -0.054140 0.013289 -0.153693 -0.278032 -0.534931 -0.541082 -1.379430 -4.796210 -7.700660 -9.928300 -44.866001 -39.907001 -28.080601 -17.095100 -9.609550 -4.695840 -1.706280 -0.079582 0.184361 -0.054742 0.027882 -0.199614 -0.289367 -0.213120 0.020990 -0.658809 -3.220320 -2.909340 -1.768290 -20.037100 -21.769501 -17.001600 -12.163300 -7.603870 -4.038800 -1.536470 -0.082852 0.161111 -0.050063 0.041564 -0.211428 -0.213118 0.337668 1.092780 1.182680 -0.434922 0.970886 15.606000 10.797900 2.846920 -5.733340 -9.290100 -6.983200 -3.998420 -1.561790 -0.176805 0.102816 -0.043249 0.040890 -0.179596 -0.071904 0.896062 2.813200 6.776950 13.575600 35.519100 41.939800 15.163200 -3.901830 -12.020400 -10.557700 -7.891940 -4.416240 -1.679230 -0.311391 0.024548 -0.035158 0.035763 -0.124223 0.076469 1.243510 3.982950 9.808370 19.866199 42.455898 41.302898 8.405510 -17.751900 -18.745399 -13.287800 -9.490330 -5.136150 -1.965620 -0.481086 -0.058822 -0.028958 0.029169 -0.062757 0.175609 1.276140 3.968060 8.745220 15.185100 22.485300 22.463800 17.808399 -6.599070 -18.229900 -13.779900 -10.293800 -5.591660 -2.214530 -0.616226 -0.123525 -0.024451 0.023491 -0.014923 0.210373 1.157010 3.173150 6.278870 10.154200 13.838900 16.802000 21.978800 13.312000 -7.101780 -12.588800 -10.135000 -5.795750 -2.368890 -0.698550 -0.159930 -0.022448 0.006755 0.017695 0.107180 0.436494 0.996551 1.692060 2.444160 3.011760 4.383410 5.809320 3.762220 -1.073830 -4.915600 -4.342630 -2.665630 -1.141290 -0.367104 -0.099973 -0.008005)
(UseCyclicTransform "false")
(UseDirectionCosines "true")
