(BSplineTransformSplineOrder 3.000000)
(CompressResultImage "false")
(DefaultPixelValue 0.000000)
(Direction 1.000000 0.000000 0.000000 1.000000)
(FinalBSplineInterpolationOrder 3.000000)
(FixedImageDimension 2.000000)
(FixedInternalImagePixelType "float")
(GridDirection 1.000000 0.000000 0.000000 1.000000)
(GridIndex 0.000000 0.000000)
(GridOrigin -185.778000 -152.940002)
(GridSize 19.000000 18.000000)
(GridSpacing 132.912994 130.660004)
(HowToCombineTransforms "Compose")
(Index 0.000000 0.000000)
(InitialTransformParametersFileName 0.000000)
(MovingImageDimension 2.000000)
(MovingInternalImagePixelType "float")
(NumberOfParameters 684.000000)
(Origin 0.000000 0.000000)
(ResampleInterpolator "FinalBSplineInterpolator")
(Resampler "DefaultResampler")
(ResultImageFormat "nii")
(ResultImagePixelType "float")
(Size 2048.000000 1909.000000)
(Spacing 1.000000 1.000000)
(Transform "BSplineTransform")
(TransformParameters -0.001634 0.007661 0.004801 -0.038369 -0.101364 -0.286550 -0.713006 -1.680900 -2.112820 -1.406980 -0.082315 1.351430 2.328350 2.456990 1.780010 0.976698 0.530784 0.252234 -0.016453 -0.005554 -0.044422 -0.159509 -0.581610 -1.171340 -2.280310 -4.557780 -8.644300 -14.379300 -17.982300 -10.614000 11.449300 25.125500 17.460501 9.372260 4.305970 2.163290 0.956267 -0.079408 -0.004172 -0.119249 -0.348750 -1.049740 -2.136970 -3.927500 -7.176310 -11.931800 -21.563999 -38.116501 -48.326199 17.684601 48.171799 26.915800 12.578200 5.357930 2.576170 1.102110 -0.100575 0.006347 -0.404028 -1.037010 -2.612170 -5.437490 -9.463420 -14.418000 -18.691200 -25.123199 -36.072800 -41.686901 15.458000 48.129700 26.734699 12.909200 5.557960 2.655360 1.123620 -0.098398 0.029847 -0.818773 -2.051030 -4.812840 -10.683200 -18.891199 -26.818199 -28.905100 -26.969299 -21.497299 -9.117090 11.238900 25.085400 17.996500 10.015400 4.584400 2.174840 0.919975 -0.070145 0.064632 -1.238020 -3.093930 -7.012670 -16.726999 -31.447001 -45.657001 -43.265900 -31.285500 -14.663800 1.076740 10.374200 12.528000 9.900670 6.161370 3.140780 1.425710 0.602042 -0.033432 0.105515 -1.522000 -3.804130 -8.509540 -21.854401 -46.263100 -79.129204 -78.813004 -55.906898 -19.185301 8.877950 14.765400 9.443030 6.303440 3.717770 1.942800 0.756680 0.296467 -0.005245 0.115094 -1.547330 -3.795190 -8.275810 -21.187700 -45.091702 -83.472397 -96.516296 -60.266998 -12.550200 16.951500 18.141399 9.123870 4.766510 2.396980 1.205960 0.337359 0.099320 0.010714 0.093905 -1.336280 -3.164340 -6.629830 -15.827600 -30.749800 -46.373798 -31.467699 15.687100 19.468800 20.512100 18.112301 8.629450 3.949810 1.780000 0.843708 0.151380 0.012406 0.015689 0.063116 -1.006520 -2.299390 -4.646340 -10.008400 -16.686800 -19.903700 -5.366630 15.297200 19.910801 20.187799 15.051500 7.197230 3.224670 1.387540 0.610897 0.075258 -0.016998 0.014071 0.034175 -0.675185 -1.514110 -3.081750 -6.005520 -8.833530 -8.891580 -0.840161 8.239990 12.674800 12.900900 9.228900 4.516470 2.089800 0.903841 0.371121 0.031218 -0.022850 0.009886 0.009801 -0.453002 -1.046560 -2.357420 -4.156060 -5.632580 -5.665950 -3.437220 0.932916 5.199120 5.132970 3.398860 1.636830 0.770606 0.356514 0.148980 0.002045 -0.016757 0.005580 -0.007929 -0.388383 -0.981520 -2.537900 -4.284160 -5.279110 -4.415120 -8.408490 -3.408320 5.471700 0.558375 -1.004410 -0.731157 -0.442418 -0.150392 -0.019789 -0.013571 -0.004103 0.002152 -0.012500 -0.439113 -1.223250 -3.339720 -6.643410 -9.740140 -3.602050 -5.170220 -4.677370 1.871660 -5.976050 -5.706820 -2.998050 -1.473840 -0.565220 -0.171487 -0.027507 0.005642 -0.000833 -0.007362 -0.512712 -1.478440 -4.152810 -9.252330 -17.473400 -27.479000 -37.262001 -20.889500 -19.380899 -14.404100 -9.346420 -4.753540 -2.152420 -0.838067 -0.282364 -0.037811 0.011605 -0.003164 -0.001533 -0.508249 -1.490170 -4.289340 -10.168800 -22.184099 -43.816898 -69.907799 -67.514999 -36.272301 -17.990499 -10.910500 -5.554280 -2.390020 -0.939598 -0.332902 -0.041676 0.014192 -0.004579 -0.005184 -0.425803 -1.322200 -3.839660 -9.507380 -19.449301 -32.819099 -45.953899 -49.254299 -33.852001 -20.443100 -11.389200 -5.811010 -2.501960 -0.990324 -0.356221 -0.041986 0.016607 -0.005464 -0.004931 -0.101472 -0.367230 -1.138230 -2.948310 -5.598060 -8.505210 -12.018400 -13.558600 -11.833500 -8.154800 -4.698820 -2.383350 -1.054670 -0.423921 -0.153025 -0.016978 0.007937 -0.002630 0.000449 -0.002610 -0.006095 -0.030003 -0.060159 -0.283122 -1.051280 -2.636270 -5.990830 -10.850200 -15.383800 -15.217400 -11.013900 -6.483450 -2.976040 -1.015970 -0.319759 -0.080688 -0.002339 0.002642 0.001770 0.033794 0.130491 0.357966 0.430324 -0.219915 -2.121230 -6.597780 -14.295100 -27.905199 -26.570299 -12.863800 -5.624730 -2.095790 -0.722116 -0.127348 0.003502 -0.010162 0.003042 0.017200 0.086284 0.298103 0.781622 1.348960 1.640790 0.906137 0.177259 -1.367410 -9.165770 -12.058300 -1.987240 2.769480 1.386770 0.239770 0.237744 0.112740 -0.019188 0.002615 0.080850 0.268288 0.775451 2.104180 4.052940 6.070920 6.552000 8.980650 17.462299 46.267899 50.899300 25.225201 11.017300 3.873520 1.008660 0.500419 0.203914 -0.027809 -0.003544 0.186088 0.541963 1.403120 4.016870 8.519680 13.898000 16.862801 17.956301 20.503401 32.561901 36.389500 26.502899 12.753900 4.579230 1.294240 0.606491 0.243133 -0.030212 -0.017775 0.311992 0.840943 1.970170 6.002530 13.783900 23.895901 32.213402 21.457701 7.401850 6.502500 9.790940 11.824700 7.837880 3.592040 1.072330 0.572038 0.233261 -0.026547 -0.039132 0.427753 1.082300 2.251470 7.448540 18.157499 34.322201 54.495899 4.511020 -14.662300 -16.753901 -9.789330 0.400659 2.466430 1.706050 0.568582 0.421070 0.196672 -0.022512 -0.052871 0.498636 1.169600 2.087740 6.889040 15.590700 30.075800 15.357600 -57.550800 -33.690899 -42.566502 -25.702299 -7.991450 -1.526080 0.060302 0.011080 0.244526 0.146152 -0.021346 -0.054877 0.508295 1.090990 1.621220 4.739240 8.305220 7.314330 -38.195000 -106.598999 -100.107002 -65.651497 -33.145699 -11.783000 -3.403190 -0.883111 -0.398006 0.098667 0.095083 -0.021073 -0.048303 0.462370 0.907436 1.164020 2.486360 2.520270 -3.848130 -33.435501 -69.465103 -82.344704 -54.876099 -29.065300 -11.046800 -3.626280 -1.171960 -0.537809 0.009519 0.054139 -0.017615 -0.036669 0.391113 0.728942 0.927080 1.361280 0.392592 -4.709060 -20.461599 -35.621201 -40.170101 -31.351900 -18.156401 -7.444090 -2.731520 -0.982917 -0.430303 -0.022293 0.028111 -0.011258 -0.028016 0.354661 0.694568 1.096250 1.703370 1.673920 -0.530129 -10.384800 -18.975599 -18.899200 -14.595800 -8.800930 -4.017000 -1.642130 -0.640186 -0.262887 -0.021023 0.015221 -0.006145 -0.026532 0.382103 0.847157 1.655540 3.277490 5.271750 6.072240 -6.537810 -21.089100 -17.070000 -10.671600 -5.456260 -2.491750 -0.957047 -0.384941 -0.175322 -0.010867 0.011343 -0.004851 -0.028620 0.439270 1.064930 2.303130 5.442320 10.484300 16.884899 4.833530 -4.463670 -9.997330 -8.321460 -3.908720 -1.781220 -0.627234 -0.263899 -0.145660 -0.002871 0.012193 -0.005223 -0.029603 0.475053 1.207450 2.748780 7.010630 14.667900 21.605400 0.115788 -20.215700 -9.842570 -5.502340 -3.311920 -1.582780 -0.554728 -0.254128 -0.153718 -0.000401 0.014407 -0.006230 -0.024433 0.439424 1.154520 2.733380 7.166120 15.456400 26.077400 41.023602 24.279200 -13.509000 -2.951160 -2.847020 -1.440580 -0.566476 -0.284077 -0.161209 -0.001553 0.015527 -0.006659 -0.013528 0.364684 1.007190 2.489880 6.611940 13.534700 21.040600 23.811701 12.353400 -9.136320 -4.115660 -2.692280 -1.208410 -0.575048 -0.309357 -0.155194 -0.002215 0.016184 -0.006544 0.002387 0.085207 0.281687 0.809463 2.143490 4.042530 5.763460 6.609630 5.146450 1.819030 -0.102163 -0.617044 -0.342533 -0.256688 -0.152676 -0.062522 -0.001968 0.007165 -0.002631)
(UseCyclicTransform "false")
(UseDirectionCosines "true")
